-1 0.0469774
-0.99 0.0353465
-0.98 0.0308043
-0.97 0.0303331
-0.96 0.0310331
-0.95 0.0308444
-0.94 0.0307782
-0.93 0.0309777
-0.92 0.0308297
-0.91 0.0309472
-0.9 0.0310553
-0.89 0.0309463
-0.88 0.0310066
-0.87 0.0310954
-0.86 0.0310924
-0.85 0.0311085
-0.84 0.0311381
-0.83 0.0311186
-0.82 0.0310796
-0.81 0.0310735
-0.8 0.0311675
-0.79 0.0311605
-0.78 0.0311136
-0.77 0.0311488
-0.76 0.031146
-0.75 0.0312489
-0.74 0.0311464
-0.73 0.0311343
-0.72 0.0311314
-0.71 0.0311878
-0.7 0.0311332
-0.69 0.0309622
-0.68 0.0309567
-0.67 0.0309586
-0.66 0.0309389
-0.65 0.0309151
-0.64 0.0309569
-0.63 0.0309307
-0.62 0.0309088
-0.61 0.0310284
-0.6 0.0310614
-0.59 0.0309838
-0.58 0.0310526
-0.57 0.0313214
-0.56 0.0310794
-0.55 0.0310757
-0.54 0.0311522
-0.53 0.0303751
-0.52 0.0309725
-0.51 0.0357855
-0.5 0.0478379
-0.49 0.036177
-0.48 0.0315861
-0.47 0.0310811
-0.46 0.0317188
-0.45 0.0315459
-0.44 0.0315936
-0.43 0.0318839
-0.42 0.0317642
-0.41 0.0319295
-0.4 0.0321196
-0.39 0.0320786
-0.38 0.0321485
-0.37 0.0322695
-0.36 0.0323262
-0.35 0.0324074
-0.34 0.0325146
-0.33 0.0325454
-0.32 0.032589
-0.31 0.0326969
-0.3 0.0328878
-0.29 0.0329668
-0.28 0.0329929
-0.27 0.0330662
-0.26 0.0330856
-0.25 0.0332388
-0.24 0.0332207
-0.23 0.0333053
-0.22 0.0333503
-0.21 0.0334772
-0.2 0.0335373
-0.19 0.033492
-0.18 0.0335908
-0.17 0.0336703
-0.16 0.0336813
-0.15 0.0336572
-0.14 0.0336654
-0.13 0.0335723
-0.12 0.0335151
-0.11 0.0335643
-0.1 0.0335482
-0.09 0.0334296
-0.08 0.0333953
-0.07 0.0335135
-0.06 0.0331342
-0.05 0.0331162
-0.04 0.0331616
-0.03 0.0322836
-0.02 0.0328407
-0.01 0.0376448
8.88178e-16 0.0495787
0.01 0.0374643
0.02 0.0327307
0.03 0.0322557
0.04 0.0328945
0.05 0.0326625
0.06 0.0326166
0.07 0.0327539
0.08 0.0324379
0.09 0.0324044
0.1 0.032371
0.11 0.0321103
0.12 0.0320406
0.13 0.0320382
0.14 0.0319303
0.15 0.0318652
0.16 0.0318445
0.17 0.0317318
0.18 0.0316381
0.19 0.0316084
0.2 0.0316893
0.21 0.0316719
0.22 0.031596
0.23 0.0315958
0.24 0.0315546
0.25 0.031654
0.26 0.0315534
0.27 0.0315578
0.28 0.0315305
0.29 0.0315674
0.3 0.0315246
0.31 0.0313469
0.32 0.0313037
0.33 0.0312604
0.34 0.0311965
0.35 0.0311245
0.36 0.0311134
0.37 0.0310368
0.38 0.0309789
0.39 0.0310596
0.4 0.0310793
0.41 0.0309619
0.42 0.0309464
0.43 0.0311279
0.44 0.0308351
0.45 0.0308252
0.46 0.0308315
0.47 0.0300088
0.48 0.0305623
0.49 0.0352126
0.5 0.0469665
0.51 0.0352981
0.52 0.0307196
0.53 0.0302443
0.54 0.0309777
0.55 0.0308378
0.56 0.0308142
0.57 0.0310267
0.58 0.0308493
0.59 0.0309363
0.6 0.0310224
0.61 0.0308935
0.62 0.0308906
0.63 0.0309349
0.64 0.0308929
0.65 0.0308908
0.66 0.0309272
0.67 0.0308739
0.68 0.0308354
0.69 0.0308365
0.7 0.030922
0.71 0.0308889
0.72 0.030803
0.73 0.0308062
0.74 0.0307724
0.75 0.0308792
0.76 0.0307856
0.77 0.0308272
0.78 0.030866
0.79 0.0309957
0.8 0.0310103
0.81 0.030884
0.82 0.0308893
0.83 0.0309083
0.84 0.0308937
0.85 0.0308767
0.86 0.0309111
0.87 0.030842
0.88 0.0307673
0.89 0.0308369
0.9 0.030834
0.91 0.030688
0.92 0.0306363
0.93 0.0308253
0.94 0.0305753
0.95 0.0306204
0.96 0.0307111
0.97 0.0299506
0.98 0.0305165
0.99 0.0351872
