-1 0.13737
-0.99 0.119112
-0.98 0.110105
-0.97 0.108864
-0.96 0.110435
-0.95 0.110138
-0.94 0.109611
-0.93 0.109471
-0.92 0.10939
-0.91 0.109231
-0.9 0.109174
-0.89 0.108932
-0.88 0.108661
-0.87 0.108515
-0.86 0.108486
-0.85 0.108388
-0.84 0.108271
-0.83 0.108097
-0.82 0.107793
-0.81 0.107534
-0.8 0.107277
-0.79 0.106904
-0.78 0.106506
-0.77 0.106371
-0.76 0.106285
-0.75 0.106343
-0.74 0.106363
-0.73 0.106574
-0.72 0.106624
-0.71 0.106693
-0.7 0.106675
-0.69 0.106634
-0.68 0.106584
-0.67 0.106493
-0.66 0.106348
-0.65 0.106189
-0.64 0.105917
-0.63 0.105673
-0.62 0.10536
-0.61 0.104825
-0.6 0.104503
-0.59 0.103975
-0.58 0.103048
-0.57 0.101934
-0.56 0.101226
-0.55 0.100377
-0.54 0.0985352
-0.53 0.0947679
-0.52 0.0941157
-0.51 0.101246
-0.5 0.117856
-0.49 0.0981166
-0.48 0.0876891
-0.47 0.0843954
-0.46 0.0836053
-0.45 0.0809678
-0.44 0.0778514
-0.43 0.0749135
-0.42 0.0720126
-0.41 0.0689721
-0.4 0.0657963
-0.39 0.0625464
-0.38 0.0593871
-0.37 0.0562797
-0.36 0.0532363
-0.35 0.0503116
-0.34 0.0475795
-0.33 0.0449766
-0.32 0.0425515
-0.31 0.0404753
-0.3 0.0386433
-0.29 0.0369279
-0.28 0.0353932
-0.27 0.0342461
-0.26 0.0332052
-0.25 0.0324147
-0.24 0.0316826
-0.23 0.0312101
-0.22 0.0307787
-0.21 0.0304949
-0.2 0.0302522
-0.19 0.03009
-0.18 0.0299681
-0.17 0.0298886
-0.16 0.0298416
-0.15 0.0298236
-0.14 0.0297387
-0.13 0.0296933
-0.12 0.0296221
-0.11 0.0295135
-0.1 0.0294885
-0.09 0.0295404
-0.08 0.0294693
-0.07 0.0293249
-0.06 0.0293126
-0.05 0.0294721
-0.04 0.0296612
-0.03 0.0286757
-0.02 0.0287168
-0.01 0.0328327
8.88178e-16 0.0433153
0.01 0.0326329
0.02 0.0285581
0.03 0.0283689
0.04 0.0290412
0.05 0.0287399
0.06 0.0286959
0.07 0.028768
0.08 0.02872
0.09 0.0287203
0.1 0.0287176
0.11 0.0286556
0.12 0.0286684
0.13 0.0287074
0.14 0.0287039
0.15 0.0287076
0.16 0.0287622
0.17 0.0288066
0.18 0.0288506
0.19 0.0290194
0.2 0.0292939
0.21 0.0294977
0.22 0.0297377
0.23 0.0301685
0.24 0.0306649
0.25 0.0313667
0.26 0.0321321
0.27 0.0331446
0.28 0.0341736
0.29 0.0353968
0.3 0.0367278
0.31 0.0382728
0.32 0.0398846
0.33 0.041674
0.34 0.0435627
0.35 0.0457078
0.36 0.0479471
0.37 0.0503991
0.38 0.0529199
0.39 0.055581
0.4 0.0584971
0.41 0.0614939
0.42 0.0643254
0.43 0.067262
0.44 0.0707449
0.45 0.0742618
0.46 0.0769262
0.47 0.0780452
0.48 0.0823018
0.49 0.0935865
0.5 0.113682
0.51 0.0994139
0.52 0.0944082
0.53 0.0962902
0.54 0.100785
0.55 0.103329
0.56 0.105243
0.57 0.10738
0.58 0.109569
0.59 0.11138
0.6 0.113135
0.61 0.114595
0.62 0.115861
0.63 0.116996
0.64 0.118025
0.65 0.118856
0.66 0.119584
0.67 0.120183
0.68 0.120695
0.69 0.121226
0.7 0.121724
0.71 0.122013
0.72 0.122132
0.73 0.12232
0.74 0.122308
0.75 0.122158
0.76 0.121843
0.77 0.121576
0.78 0.121129
0.79 0.120641
0.8 0.119911
0.81 0.119109
0.82 0.118315
0.83 0.117458
0.84 0.116632
0.85 0.115965
0.86 0.115181
0.87 0.114445
0.88 0.113642
0.89 0.112832
0.9 0.112383
0.91 0.111921
0.92 0.111169
0.93 0.110483
0.94 0.110199
0.95 0.109868
0.96 0.109517
0.97 0.107911
0.98 0.108974
0.99 0.118022
