-1 0.0413232
-0.99 0.0309986
-0.98 0.027069
-0.97 0.0266734
-0.96 0.0265967
-0.95 0.0266328
-0.94 0.0268103
-0.93 0.0267098
-0.92 0.0268985
-0.91 0.026942
-0.9 0.0267371
-0.89 0.026795
-0.88 0.0267658
-0.87 0.026722
-0.86 0.0267498
-0.85 0.0267896
-0.84 0.0267514
-0.83 0.0267613
-0.82 0.0267371
-0.81 0.0266846
-0.8 0.0267816
-0.79 0.0267472
-0.78 0.0266119
-0.77 0.0266134
-0.76 0.0266406
-0.75 0.0266672
-0.74 0.0267204
-0.73 0.0267126
-0.72 0.0267533
-0.71 0.026856
-0.7 0.0268599
-0.69 0.0266714
-0.68 0.0266301
-0.67 0.0265897
-0.66 0.0265334
-0.65 0.0265025
-0.64 0.0264967
-0.63 0.0265619
-0.62 0.0265702
-0.61 0.0265103
-0.6 0.0265192
-0.59 0.0267646
-0.58 0.0267892
-0.57 0.0268757
-0.56 0.0269796
-0.55 0.0269056
-0.54 0.0270249
-0.53 0.0270799
-0.52 0.0278274
-0.51 0.0320874
-0.5 0.0419709
-0.49 0.0319164
-0.48 0.028304
-0.47 0.0280542
-0.46 0.0280207
-0.45 0.0279987
-0.44 0.0280782
-0.43 0.0280663
-0.42 0.0283777
-0.41 0.0284745
-0.4 0.0283751
-0.39 0.0285666
-0.38 0.0285303
-0.37 0.028569
-0.36 0.0286956
-0.35 0.0287512
-0.34 0.0287463
-0.33 0.0288329
-0.32 0.0288735
-0.31 0.0288657
-0.3 0.0289951
-0.29 0.0289714
-0.28 0.0288827
-0.27 0.028925
-0.26 0.0289838
-0.25 0.0290513
-0.24 0.0291664
-0.23 0.0291749
-0.22 0.0292257
-0.21 0.0293996
-0.2 0.0294661
-0.19 0.0293426
-0.18 0.029314
-0.17 0.029283
-0.16 0.0292166
-0.15 0.0291487
-0.14 0.0290432
-0.13 0.0289823
-0.12 0.0288905
-0.11 0.0288018
-0.1 0.0287686
-0.09 0.0288871
-0.08 0.028755
-0.07 0.0286626
-0.06 0.0285577
-0.05 0.0282008
-0.04 0.0281801
-0.03 0.0281554
-0.02 0.0287402
-0.01 0.033135
8.88178e-16 0.0432872
0.01 0.0324163
0.02 0.0284408
0.03 0.0280257
0.04 0.0276759
0.05 0.0276423
0.06 0.0277614
0.07 0.0274935
0.08 0.0276078
0.09 0.027453
0.1 0.0271111
0.11 0.0272112
0.12 0.0271264
0.13 0.0270633
0.14 0.0271253
0.15 0.0271369
0.16 0.0271361
0.17 0.0271905
0.18 0.0271894
0.19 0.0271483
0.2 0.0272579
0.21 0.0272329
0.22 0.0270848
0.23 0.0270973
0.24 0.0270988
0.25 0.0270875
0.26 0.0271122
0.27 0.0270794
0.28 0.0271042
0.29 0.0272531
0.3 0.0272995
0.31 0.0271702
0.32 0.0271937
0.33 0.0272205
0.34 0.0272583
0.35 0.0272815
0.36 0.0272595
0.37 0.0272664
0.38 0.0272802
0.39 0.0272579
0.4 0.0272776
0.41 0.0275143
0.42 0.0274922
0.43 0.0274391
0.44 0.0274347
0.45 0.0272199
0.46 0.0272811
0.47 0.027367
0.48 0.0278018
0.49 0.0318286
0.5 0.042023
0.51 0.0317881
0.52 0.0278049
0.53 0.0273979
0.54 0.0273314
0.55 0.0273551
0.56 0.0275186
0.57 0.0274321
0.58 0.0275988
0.59 0.0276148
0.6 0.0274268
0.61 0.027533
0.62 0.0274767
0.63 0.0274436
0.64 0.0274642
0.65 0.0274731
0.66 0.0274095
0.67 0.0274049
0.68 0.027396
0.69 0.027351
0.7 0.0274323
0.71 0.0273998
0.72 0.0272511
0.73 0.0272169
0.74 0.0271991
0.75 0.0271511
0.76 0.0271398
0.77 0.0270809
0.78 0.0270663
0.79 0.027136
0.8 0.0271232
0.81 0.0269506
0.82 0.026908
0.83 0.0268716
0.84 0.0268118
0.85 0.0267653
0.86 0.0266853
0.87 0.0266304
0.88 0.0265796
0.89 0.0265313
0.9 0.0265514
0.91 0.0267518
0.92 0.0267022
0.93 0.0266375
0.94 0.0266393
0.95 0.0264781
0.96 0.0264968
0.97 0.0265788
0.98 0.0272708
0.99 0.0314044
