-1 0.0363724
-0.99 0.0270767
-0.98 0.0240691
-0.97 0.0237285
-0.96 0.0233906
-0.95 0.02389
-0.94 0.0236296
-0.93 0.023371
-0.92 0.0235145
-0.91 0.0232606
-0.9 0.0232552
-0.89 0.0231525
-0.88 0.0230256
-0.87 0.0230327
-0.86 0.0229134
-0.85 0.0229295
-0.84 0.0229286
-0.83 0.0228984
-0.82 0.0228339
-0.81 0.022777
-0.8 0.0228852
-0.79 0.0229001
-0.78 0.022803
-0.77 0.0228612
-0.76 0.022826
-0.75 0.0227385
-0.74 0.0228445
-0.73 0.0228936
-0.72 0.0228961
-0.71 0.0230165
-0.7 0.0230324
-0.69 0.0229874
-0.68 0.0230511
-0.67 0.0231577
-0.66 0.0231978
-0.65 0.0232022
-0.64 0.0232976
-0.63 0.0233432
-0.62 0.0233666
-0.61 0.0234882
-0.6 0.0235654
-0.59 0.0237288
-0.58 0.0237846
-0.57 0.0235931
-0.56 0.0238585
-0.55 0.0239001
-0.54 0.023508
-0.53 0.0236945
-0.52 0.0238932
-0.51 0.0273461
-0.5 0.0368003
-0.49 0.0276511
-0.48 0.0246543
-0.47 0.0243988
-0.46 0.0241446
-0.45 0.0248476
-0.44 0.0247258
-0.43 0.0245743
-0.42 0.0248816
-0.41 0.0246933
-0.4 0.0247374
-0.39 0.0246763
-0.38 0.0245932
-0.37 0.0246262
-0.36 0.0245344
-0.35 0.0245027
-0.34 0.024463
-0.33 0.0244299
-0.32 0.0243477
-0.31 0.0242652
-0.3 0.0243224
-0.29 0.024322
-0.28 0.0241846
-0.27 0.0241944
-0.26 0.0241537
-0.25 0.0240486
-0.24 0.024094
-0.23 0.0241314
-0.22 0.0241269
-0.21 0.0242506
-0.2 0.024259
-0.19 0.0241939
-0.18 0.0242532
-0.17 0.0242976
-0.16 0.0242884
-0.15 0.0242947
-0.14 0.024355
-0.13 0.0243847
-0.12 0.0243584
-0.11 0.0243843
-0.1 0.0243699
-0.09 0.024422
-0.08 0.0243353
-0.07 0.0241555
-0.06 0.0243035
-0.05 0.0241653
-0.04 0.0236822
-0.03 0.023648
-0.02 0.0237568
-0.01 0.0271573
8.88178e-16 0.0361353
0.01 0.0269534
0.02 0.0240713
0.03 0.0238057
0.04 0.0235004
0.05 0.0241194
0.06 0.0239585
0.07 0.0237114
0.08 0.0239409
0.09 0.0237725
0.1 0.0238177
0.11 0.0238034
0.12 0.0237143
0.13 0.0237444
0.14 0.0236763
0.15 0.0237234
0.16 0.0237527
0.17 0.0237592
0.18 0.0237131
0.19 0.0236942
0.2 0.023774
0.21 0.0237689
0.22 0.0236297
0.23 0.0236135
0.24 0.0235234
0.25 0.0233807
0.26 0.0234051
0.27 0.0234279
0.28 0.0233643
0.29 0.0234616
0.3 0.0234703
0.31 0.0233939
0.32 0.0234305
0.33 0.0234663
0.34 0.0234695
0.35 0.0235038
0.36 0.023561
0.37 0.0236175
0.38 0.0236248
0.39 0.0237114
0.4 0.0237423
0.41 0.0238371
0.42 0.0239045
0.43 0.0237729
0.44 0.024067
0.45 0.0241289
0.46 0.0236484
0.47 0.0238051
0.48 0.0241105
0.49 0.027498
0.5 0.0365585
0.51 0.0274605
0.52 0.0246277
0.53 0.0244658
0.54 0.0242101
0.55 0.0249961
0.56 0.0250345
0.57 0.0250088
0.58 0.0254051
0.59 0.0253029
0.6 0.0254696
0.61 0.0255326
0.62 0.0255482
0.63 0.0257862
0.64 0.0259072
0.65 0.0261284
0.66 0.0263216
0.67 0.0264572
0.68 0.0265399
0.69 0.0266457
0.7 0.0268772
0.71 0.0269999
0.72 0.0269574
0.73 0.0269853
0.74 0.0268857
0.75 0.0267301
0.76 0.0267572
0.77 0.0267418
0.78 0.0266533
0.79 0.0266558
0.8 0.0265909
0.81 0.0264475
0.82 0.026378
0.83 0.0263003
0.84 0.0262015
0.85 0.0260842
0.86 0.0259491
0.87 0.0258254
0.88 0.0256951
0.89 0.0256051
0.9 0.0254449
0.91 0.0253377
0.92 0.0250903
0.93 0.02464
0.94 0.0247583
0.95 0.0245936
0.96 0.0237957
0.97 0.0235706
0.98 0.0236773
0.99 0.0271579
