-1 0.0632749
-0.99 0.0487299
-0.98 0.0429532
-0.97 0.0428555
-0.96 0.0441229
-0.95 0.0438571
-0.94 0.0437516
-0.93 0.0438273
-0.92 0.0437546
-0.91 0.0438882
-0.9 0.0439507
-0.89 0.0439675
-0.88 0.0441068
-0.87 0.0442572
-0.86 0.0443343
-0.85 0.0443806
-0.84 0.0445021
-0.83 0.0445381
-0.82 0.0445546
-0.81 0.0445967
-0.8 0.0446779
-0.79 0.0446729
-0.78 0.0446246
-0.77 0.0446247
-0.76 0.0446104
-0.75 0.0446744
-0.74 0.0445818
-0.73 0.0446178
-0.72 0.0446485
-0.71 0.0446834
-0.7 0.0447077
-0.69 0.0447011
-0.68 0.0447029
-0.67 0.0447147
-0.66 0.0446844
-0.65 0.0446476
-0.64 0.0446724
-0.63 0.0446305
-0.62 0.0446112
-0.61 0.0446047
-0.6 0.0446185
-0.59 0.0444941
-0.58 0.044374
-0.57 0.0445633
-0.56 0.0443972
-0.55 0.0444813
-0.54 0.0443921
-0.53 0.0427053
-0.52 0.0429813
-0.51 0.0491061
-0.5 0.0640576
-0.49 0.0496997
-0.48 0.0438268
-0.47 0.0435754
-0.46 0.0447954
-0.45 0.0446769
-0.44 0.0447582
-0.43 0.0450042
-0.42 0.045051
-0.41 0.045248
-0.4 0.0453878
-0.39 0.0454619
-0.38 0.045645
-0.37 0.0458462
-0.36 0.0460197
-0.35 0.0461395
-0.34 0.0462601
-0.33 0.0463238
-0.32 0.0464147
-0.31 0.0465069
-0.3 0.0466831
-0.29 0.0468008
-0.28 0.0468738
-0.27 0.0469765
-0.26 0.0470192
-0.25 0.0471253
-0.24 0.0470495
-0.23 0.0470797
-0.22 0.0470635
-0.21 0.0470672
-0.2 0.0470386
-0.19 0.0469616
-0.18 0.0468587
-0.17 0.0468047
-0.16 0.0466899
-0.15 0.0465415
-0.14 0.0464409
-0.13 0.0463334
-0.12 0.0462251
-0.11 0.0461502
-0.1 0.0461364
-0.09 0.0459432
-0.08 0.0457374
-0.07 0.0458391
-0.06 0.0455736
-0.05 0.0455843
-0.04 0.0453983
-0.03 0.0435917
-0.02 0.0438271
-0.01 0.0500481
8.88178e-16 0.0652301
0.01 0.0508386
0.02 0.0448077
0.03 0.0442995
0.04 0.045318
0.05 0.0451719
0.06 0.0451311
0.07 0.045095
0.08 0.0449444
0.09 0.0449824
0.1 0.0449693
0.11 0.0448857
0.12 0.0448953
0.13 0.0449077
0.14 0.0448755
0.15 0.0448461
0.16 0.0449127
0.17 0.0448968
0.18 0.0448716
0.19 0.0448567
0.2 0.0448978
0.21 0.0448439
0.22 0.0447629
0.23 0.044714
0.24 0.0446161
0.25 0.0446121
0.26 0.0444562
0.27 0.0445004
0.28 0.0444971
0.29 0.0445268
0.3 0.0444897
0.31 0.0443706
0.32 0.0442371
0.33 0.044181
0.34 0.0441449
0.35 0.0440806
0.36 0.0440491
0.37 0.0439679
0.38 0.0438858
0.39 0.0438412
0.4 0.0438605
0.41 0.0436927
0.42 0.0435249
0.43 0.0437022
0.44 0.043465
0.45 0.0434307
0.46 0.0433168
0.47 0.0417307
0.48 0.0420866
0.49 0.048096
0.5 0.062539
0.51 0.0480346
0.52 0.0422665
0.53 0.0421497
0.54 0.043365
0.55 0.0431236
0.56 0.043105
0.57 0.0432001
0.58 0.0431254
0.59 0.0432043
0.6 0.043206
0.61 0.0430861
0.62 0.0430365
0.63 0.0430085
0.64 0.0429946
0.65 0.0429458
0.66 0.042933
0.67 0.0428237
0.68 0.0427552
0.69 0.0427328
0.7 0.0427857
0.71 0.042754
0.72 0.0427045
0.73 0.0427035
0.74 0.0427186
0.75 0.042844
0.76 0.0427912
0.77 0.0428563
0.78 0.0428541
0.79 0.0429001
0.8 0.0429344
0.81 0.0429285
0.82 0.0429068
0.83 0.0429695
0.84 0.0430071
0.85 0.0430406
0.86 0.0431211
0.87 0.043165
0.88 0.0432015
0.89 0.0432643
0.9 0.0434063
0.91 0.0434251
0.92 0.0433661
0.93 0.0436067
0.94 0.0435001
0.95 0.0435614
0.96 0.0434539
0.97 0.0419796
0.98 0.042502
0.99 0.0486737
