-1 0.0691775
-0.99 0.054313
-0.98 0.0478741
-0.97 0.0468568
-0.96 0.047772
-0.95 0.0475558
-0.94 0.0473822
-0.93 0.0476218
-0.92 0.0476557
-0.91 0.0476826
-0.9 0.0476307
-0.89 0.0475947
-0.88 0.0475551
-0.87 0.0475529
-0.86 0.0475866
-0.85 0.0476222
-0.84 0.0476604
-0.83 0.0476853
-0.82 0.0477672
-0.81 0.0478433
-0.8 0.0479783
-0.79 0.0479283
-0.78 0.0478015
-0.77 0.0478045
-0.76 0.047855
-0.75 0.047939
-0.74 0.0477839
-0.73 0.0477057
-0.72 0.0476919
-0.71 0.0478345
-0.7 0.047866
-0.69 0.0477202
-0.68 0.047662
-0.67 0.0476759
-0.66 0.0477813
-0.65 0.047789
-0.64 0.0478618
-0.63 0.0479216
-0.62 0.0479027
-0.61 0.0479013
-0.6 0.0479342
-0.59 0.0480252
-0.58 0.0480546
-0.57 0.0480152
-0.56 0.0479173
-0.55 0.0479084
-0.54 0.0475333
-0.53 0.0464513
-0.52 0.0477783
-0.51 0.0546249
-0.5 0.069743
-0.49 0.0547678
-0.48 0.0482941
-0.47 0.0473086
-0.46 0.0482304
-0.45 0.0481069
-0.44 0.048014
-0.43 0.0482568
-0.42 0.0483376
-0.41 0.0485118
-0.4 0.048612
-0.39 0.0486802
-0.38 0.0487808
-0.37 0.0488705
-0.36 0.0489256
-0.35 0.048998
-0.34 0.0490781
-0.33 0.0490326
-0.32 0.0490201
-0.31 0.0489769
-0.3 0.0490381
-0.29 0.0489886
-0.28 0.0489306
-0.27 0.0490053
-0.26 0.0490848
-0.25 0.0492438
-0.24 0.0491701
-0.23 0.049132
-0.22 0.049121
-0.21 0.0492648
-0.2 0.0493379
-0.19 0.0492636
-0.18 0.0492565
-0.17 0.0493008
-0.16 0.0493822
-0.15 0.0493596
-0.14 0.0494291
-0.13 0.0494939
-0.12 0.0494967
-0.11 0.0495055
-0.1 0.0495342
-0.09 0.0496142
-0.08 0.0496381
-0.07 0.0495133
-0.06 0.0493343
-0.05 0.0494252
-0.04 0.0492115
-0.03 0.0481464
-0.02 0.0495374
-0.01 0.056504
8.88178e-16 0.0717059
0.01 0.0562029
0.02 0.0493987
0.03 0.0481979
0.04 0.0489883
0.05 0.048772
0.06 0.0486648
0.07 0.0488882
0.08 0.0488889
0.09 0.0489316
0.1 0.0489057
0.11 0.0488348
0.12 0.0487157
0.13 0.0486126
0.14 0.0485014
0.15 0.0484489
0.16 0.0484222
0.17 0.0483227
0.18 0.0482312
0.19 0.0481772
0.2 0.0482336
0.21 0.0481428
0.22 0.0479924
0.23 0.0479665
0.24 0.0479589
0.25 0.0480236
0.26 0.0478994
0.27 0.0478506
0.28 0.0478195
0.29 0.0479145
0.3 0.0479409
0.31 0.047799
0.32 0.0477281
0.33 0.0476804
0.34 0.0476682
0.35 0.0475405
0.36 0.0475047
0.37 0.0474921
0.38 0.0474498
0.39 0.0474348
0.4 0.0474289
0.41 0.0474781
0.42 0.0474856
0.43 0.0474026
0.44 0.04722
0.45 0.0472833
0.46 0.0470521
0.47 0.0460431
0.48 0.0474989
0.49 0.0543798
0.5 0.0692244
0.51 0.0542962
0.52 0.0479596
0.53 0.0470109
0.54 0.0478111
0.55 0.0475285
0.56 0.0474124
0.57 0.047684
0.58 0.0477828
0.59 0.0479179
0.6 0.0479023
0.61 0.0478829
0.62 0.0479241
0.63 0.04793
0.64 0.047918
0.65 0.047932
0.66 0.0479694
0.67 0.0479551
0.68 0.0480342
0.69 0.0480928
0.7 0.0481929
0.71 0.0481654
0.72 0.0481413
0.73 0.0481777
0.74 0.0482396
0.75 0.0483935
0.76 0.0483214
0.77 0.0482901
0.78 0.048327
0.79 0.0484888
0.8 0.0485618
0.81 0.0484174
0.82 0.0483387
0.83 0.0483296
0.84 0.0483556
0.85 0.0482873
0.86 0.0482544
0.87 0.0481954
0.88 0.0481078
0.89 0.0480571
0.9 0.048053
0.91 0.0480823
0.92 0.0480574
0.93 0.0479473
0.94 0.047775
0.95 0.0477212
0.96 0.0473923
0.97 0.0463425
0.98 0.0475851
0.99 0.0542557
