-1 0.0719033
-0.99 0.0586893
-0.98 0.0527937
-0.97 0.0511287
-0.96 0.0502936
-0.95 0.0505665
-0.94 0.050644
-0.93 0.0504714
-0.92 0.0509029
-0.91 0.0509127
-0.9 0.0507857
-0.89 0.0510392
-0.88 0.0512244
-0.87 0.0514525
-0.86 0.0516704
-0.85 0.0518041
-0.84 0.0520425
-0.83 0.0522684
-0.82 0.0523946
-0.81 0.0524907
-0.8 0.0527619
-0.79 0.0527812
-0.78 0.0525461
-0.77 0.0525563
-0.76 0.0525178
-0.75 0.0524111
-0.74 0.0524341
-0.73 0.0524339
-0.72 0.0523983
-0.71 0.0526248
-0.7 0.0526616
-0.69 0.0524165
-0.68 0.0523954
-0.67 0.052485
-0.66 0.0524746
-0.65 0.0524068
-0.64 0.0522704
-0.63 0.0521818
-0.62 0.0520288
-0.61 0.0519238
-0.6 0.0518731
-0.59 0.0518144
-0.58 0.0515255
-0.57 0.0510344
-0.56 0.0510061
-0.55 0.050264
-0.54 0.0493811
-0.53 0.0497404
-0.52 0.0506619
-0.51 0.0560712
-0.5 0.0683151
-0.49 0.0548601
-0.48 0.0482477
-0.47 0.0455676
-0.46 0.0435789
-0.45 0.0430029
-0.44 0.0422712
-0.43 0.0410262
-0.42 0.0404021
-0.41 0.0392755
-0.4 0.0380274
-0.39 0.0370694
-0.38 0.036035
-0.37 0.0350166
-0.36 0.0339898
-0.35 0.0329095
-0.34 0.031887
-0.33 0.0309068
-0.32 0.0299614
-0.31 0.0290569
-0.3 0.0283788
-0.29 0.027593
-0.28 0.0267019
-0.27 0.0260853
-0.26 0.0254963
-0.25 0.0250043
-0.24 0.0247199
-0.23 0.0244962
-0.22 0.0242516
-0.21 0.024221
-0.2 0.0240976
-0.19 0.0238262
-0.18 0.0237658
-0.17 0.0237781
-0.16 0.0237132
-0.15 0.0236899
-0.14 0.023699
-0.13 0.0237303
-0.12 0.0237414
-0.11 0.0237277
-0.1 0.0237784
-0.09 0.0238445
-0.08 0.0237747
-0.07 0.0236475
-0.06 0.0238087
-0.05 0.0234673
-0.04 0.0230582
-0.03 0.0232238
-0.02 0.0237463
-0.01 0.0274065
8.88178e-16 0.0360801
0.01 0.0271443
0.02 0.0238783
0.03 0.0231398
0.04 0.0226161
0.05 0.0228875
0.06 0.0229581
0.07 0.0227143
0.08 0.0229565
0.09 0.022894
0.1 0.022803
0.11 0.0229318
0.12 0.0229732
0.13 0.023013
0.14 0.0230144
0.15 0.0230337
0.16 0.023089
0.17 0.023122
0.18 0.0231615
0.19 0.0232155
0.2 0.0234503
0.21 0.0235358
0.22 0.0235019
0.23 0.0236403
0.24 0.0238106
0.25 0.0240154
0.26 0.0243541
0.27 0.0247606
0.28 0.0251315
0.29 0.0257572
0.3 0.0262888
0.31 0.0266338
0.32 0.0272145
0.33 0.0279068
0.34 0.0285986
0.35 0.0293669
0.36 0.0301407
0.37 0.0309978
0.38 0.0318463
0.39 0.032752
0.4 0.033691
0.41 0.034637
0.42 0.0355167
0.43 0.0363591
0.44 0.0375501
0.45 0.0380267
0.46 0.0383864
0.47 0.0399995
0.48 0.042296
0.49 0.0488479
0.5 0.061583
0.51 0.0502297
0.52 0.0459083
0.53 0.0452412
0.54 0.044963
0.55 0.0460723
0.56 0.0468534
0.57 0.0470781
0.58 0.0479501
0.59 0.0482889
0.6 0.0484034
0.61 0.0488753
0.62 0.0492006
0.63 0.0496089
0.64 0.0500131
0.65 0.0502859
0.66 0.0506169
0.67 0.0509988
0.68 0.0513143
0.69 0.051555
0.7 0.051905
0.71 0.0519941
0.72 0.0518405
0.73 0.0518173
0.74 0.0518253
0.75 0.0516985
0.76 0.0517017
0.77 0.0516769
0.78 0.0516139
0.79 0.0517637
0.8 0.0517311
0.81 0.0513739
0.82 0.051218
0.83 0.0511717
0.84 0.0510555
0.85 0.0509758
0.86 0.0508293
0.87 0.0507001
0.88 0.0505551
0.89 0.0504548
0.9 0.0504523
0.91 0.0505496
0.92 0.0504209
0.93 0.0502425
0.94 0.0507247
0.95 0.0504822
0.96 0.049835
0.97 0.0505098
0.98 0.0522635
0.99 0.0587357
