-1 0.0581945
-0.99 0.0448995
-0.98 0.0393437
-0.97 0.0388142
-0.96 0.0396627
-0.95 0.0394005
-0.94 0.0393474
-0.93 0.0394641
-0.92 0.0393202
-0.91 0.039427
-0.9 0.0393882
-0.89 0.0393271
-0.88 0.0393299
-0.87 0.0393897
-0.86 0.0394029
-0.85 0.0394907
-0.84 0.0396146
-0.83 0.0396878
-0.82 0.0396645
-0.81 0.0396686
-0.8 0.0398114
-0.79 0.0398055
-0.78 0.0397306
-0.77 0.0396814
-0.76 0.0397333
-0.75 0.0398321
-0.74 0.039745
-0.73 0.0396953
-0.72 0.0396729
-0.71 0.0397616
-0.7 0.0398077
-0.69 0.039761
-0.68 0.0397651
-0.67 0.0398134
-0.66 0.0397896
-0.65 0.0397623
-0.64 0.0398016
-0.63 0.0397962
-0.62 0.0397912
-0.61 0.0398517
-0.6 0.0398523
-0.59 0.0399277
-0.58 0.0399365
-0.57 0.0399254
-0.56 0.0399282
-0.55 0.040034
-0.54 0.0400366
-0.53 0.0392034
-0.52 0.0399057
-0.51 0.0456512
-0.5 0.0587538
-0.49 0.0453575
-0.48 0.0400894
-0.47 0.0398348
-0.46 0.0407222
-0.45 0.0405348
-0.44 0.0406222
-0.43 0.0408444
-0.42 0.0408238
-0.41 0.0410636
-0.4 0.0411081
-0.39 0.0410674
-0.38 0.0411071
-0.37 0.0411615
-0.36 0.0411426
-0.35 0.0411724
-0.34 0.0412135
-0.33 0.041224
-0.32 0.0412008
-0.31 0.041252
-0.3 0.0414343
-0.29 0.0414755
-0.28 0.041454
-0.27 0.0414644
-0.26 0.0415693
-0.25 0.0417175
-0.24 0.0417347
-0.23 0.0418069
-0.22 0.0418419
-0.21 0.0419858
-0.2 0.0421026
-0.19 0.0420859
-0.18 0.0420996
-0.17 0.0421879
-0.16 0.0422072
-0.15 0.0421948
-0.14 0.0422281
-0.13 0.0421665
-0.12 0.042125
-0.11 0.0421073
-0.1 0.0420321
-0.09 0.0420903
-0.08 0.0420921
-0.07 0.0420492
-0.06 0.0419532
-0.05 0.0419826
-0.04 0.042036
-0.03 0.0411823
-0.02 0.0416781
-0.01 0.0472701
8.88178e-16 0.0604105
0.01 0.0465776
0.02 0.0409264
0.03 0.0404713
0.04 0.0412917
0.05 0.0409655
0.06 0.0408981
0.07 0.0409506
0.08 0.040722
0.09 0.0407562
0.1 0.0407236
0.11 0.0406693
0.12 0.0406893
0.13 0.0407507
0.14 0.0407206
0.15 0.0407396
0.16 0.0408071
0.17 0.0407764
0.18 0.0406946
0.19 0.0407285
0.2 0.0408909
0.21 0.040914
0.22 0.0408546
0.23 0.0408105
0.24 0.0408341
0.25 0.0409175
0.26 0.0408598
0.27 0.0408431
0.28 0.0408499
0.29 0.0409905
0.3 0.0410712
0.31 0.0410307
0.32 0.0409895
0.33 0.0410128
0.34 0.0409368
0.35 0.0408501
0.36 0.0408128
0.37 0.0406767
0.38 0.0405362
0.39 0.0404064
0.4 0.0402082
0.41 0.0401675
0.42 0.040092
0.43 0.0400018
0.44 0.0399164
0.45 0.0399239
0.46 0.0399021
0.47 0.0390735
0.48 0.0396952
0.49 0.0453852
0.5 0.0584825
0.51 0.0448396
0.52 0.0395087
0.53 0.0393368
0.54 0.0402036
0.55 0.0398732
0.56 0.0399095
0.57 0.0400349
0.58 0.0398714
0.59 0.0399868
0.6 0.0400155
0.61 0.0399976
0.62 0.0400421
0.63 0.0400852
0.64 0.0400287
0.65 0.0400196
0.66 0.0400368
0.67 0.0399688
0.68 0.0398605
0.69 0.0398018
0.7 0.0398445
0.71 0.0397758
0.72 0.0396637
0.73 0.0395623
0.74 0.0395416
0.75 0.0395577
0.76 0.0394266
0.77 0.0393863
0.78 0.0393681
0.79 0.0395025
0.8 0.0395464
0.81 0.0394794
0.82 0.0394598
0.83 0.0394936
0.84 0.0394688
0.85 0.0394399
0.86 0.0394664
0.87 0.0394536
0.88 0.0394437
0.89 0.0394212
0.9 0.0393255
0.91 0.0393341
0.92 0.0392858
0.93 0.0393278
0.94 0.0394272
0.95 0.0394471
0.96 0.0394384
0.97 0.0387927
0.98 0.0394104
0.99 0.0449329
