-1 0.0137345
-0.99 0.00923793
-0.98 0.0081378
-0.97 0.00836951
-0.96 0.00834472
-0.95 0.00788671
-0.94 0.00795544
-0.93 0.00815022
-0.92 0.00793736
-0.91 0.00803733
-0.9 0.00818361
-0.89 0.00807255
-0.88 0.00799996
-0.87 0.00803918
-0.86 0.00804025
-0.85 0.00804346
-0.84 0.00805441
-0.83 0.0080762
-0.82 0.00805149
-0.81 0.00807731
-0.8 0.00812941
-0.79 0.00812627
-0.78 0.00811216
-0.77 0.00811904
-0.76 0.00814953
-0.75 0.00816658
-0.74 0.00824351
-0.73 0.00831563
-0.72 0.00838028
-0.71 0.00844464
-0.7 0.00849116
-0.69 0.00849914
-0.68 0.00846776
-0.67 0.00847865
-0.66 0.00853182
-0.65 0.0085693
-0.64 0.00864211
-0.63 0.00870111
-0.62 0.00877385
-0.61 0.00886451
-0.6 0.0088589
-0.59 0.00883001
-0.58 0.0088437
-0.57 0.00894518
-0.56 0.00881046
-0.55 0.0089609
-0.54 0.00924823
-0.53 0.00898345
-0.52 0.00915546
-0.51 0.0106248
-0.5 0.0147944
-0.49 0.0103613
-0.48 0.00938657
-0.47 0.00964625
-0.46 0.00948573
-0.45 0.00908264
-0.44 0.00931496
-0.43 0.0094939
-0.42 0.00921575
-0.41 0.00937358
-0.4 0.00956785
-0.39 0.00951093
-0.38 0.00952446
-0.37 0.00954478
-0.36 0.00954028
-0.35 0.00955448
-0.34 0.00958821
-0.33 0.00958729
-0.32 0.00957743
-0.31 0.00963565
-0.3 0.0097204
-0.29 0.00972595
-0.28 0.0097062
-0.27 0.00974354
-0.26 0.00976513
-0.25 0.00975512
-0.24 0.00980637
-0.23 0.00985178
-0.22 0.00988911
-0.21 0.0099059
-0.2 0.00991065
-0.19 0.0099025
-0.18 0.0099023
-0.17 0.00992253
-0.16 0.0099612
-0.15 0.00998972
-0.14 0.0100288
-0.13 0.00998672
-0.12 0.00997172
-0.11 0.00995767
-0.1 0.00981167
-0.09 0.00964927
-0.08 0.00964401
-0.07 0.009738
-0.06 0.00941552
-0.05 0.00940857
-0.04 0.00960688
-0.03 0.00922689
-0.02 0.0093734
-0.01 0.010999
8.88178e-16 0.0152939
0.01 0.0105464
0.02 0.00946612
0.03 0.00974126
0.04 0.00943335
0.05 0.0088781
0.06 0.00916838
0.07 0.00937544
0.08 0.00898171
0.09 0.0090622
0.1 0.00919069
0.11 0.00903869
0.12 0.00907299
0.13 0.00912574
0.14 0.00906591
0.15 0.00908116
0.16 0.00909984
0.17 0.00909491
0.18 0.00906678
0.19 0.00907297
0.2 0.00909314
0.21 0.00905379
0.22 0.00898178
0.23 0.00892991
0.24 0.00893569
0.25 0.00890583
0.26 0.00891766
0.27 0.0089278
0.28 0.00898384
0.29 0.00906707
0.3 0.00910754
0.31 0.00911397
0.32 0.00911827
0.33 0.0091281
0.34 0.00918626
0.35 0.00921398
0.36 0.00929754
0.37 0.00926648
0.38 0.009293
0.39 0.00936696
0.4 0.00928794
0.41 0.00924201
0.42 0.00935033
0.43 0.00949222
0.44 0.0092025
0.45 0.00930274
0.46 0.00964894
0.47 0.009278
0.48 0.00932667
0.49 0.0108768
0.5 0.0153381
0.51 0.0107001
0.52 0.00952304
0.53 0.00973067
0.54 0.00972656
0.55 0.00935812
0.56 0.00954132
0.57 0.00972675
0.58 0.0095389
0.59 0.00971355
0.6 0.00983752
0.61 0.00972097
0.62 0.00970933
0.63 0.00973385
0.64 0.00973953
0.65 0.00977063
0.66 0.00977269
0.67 0.00974797
0.68 0.009705
0.69 0.00967769
0.7 0.00967267
0.71 0.00963899
0.72 0.00955888
0.73 0.00949189
0.74 0.00949295
0.75 0.00948887
0.76 0.00950025
0.77 0.00950837
0.78 0.0095382
0.79 0.00957883
0.8 0.00958335
0.81 0.00954096
0.82 0.00946839
0.83 0.00940945
0.84 0.00934436
0.85 0.00927715
0.86 0.00921657
0.87 0.00915981
0.88 0.0091213
0.89 0.00905813
0.9 0.00896927
0.91 0.00886163
0.92 0.00877399
0.93 0.00873216
0.94 0.00847106
0.95 0.0085342
0.96 0.00870155
0.97 0.00826831
0.98 0.00827657
0.99 0.00962949
