-1 0.0565413
-0.99 0.0437267
-0.98 0.0383272
-0.97 0.0375856
-0.96 0.0384342
-0.95 0.0383603
-0.94 0.0383068
-0.93 0.0385275
-0.92 0.0385101
-0.91 0.0386986
-0.9 0.0387889
-0.89 0.038738
-0.88 0.038743
-0.87 0.0388015
-0.86 0.0388155
-0.85 0.0388233
-0.84 0.038796
-0.83 0.0387759
-0.82 0.0387323
-0.81 0.0386875
-0.8 0.038755
-0.79 0.0387621
-0.78 0.0386988
-0.77 0.0387124
-0.76 0.0387577
-0.75 0.0387627
-0.74 0.0387057
-0.73 0.0386631
-0.72 0.0385958
-0.71 0.0386129
-0.7 0.0386071
-0.69 0.0384798
-0.68 0.0384153
-0.67 0.0383547
-0.66 0.0383401
-0.65 0.0382811
-0.64 0.0382855
-0.63 0.0382386
-0.62 0.0382303
-0.61 0.0383084
-0.6 0.0383057
-0.59 0.038286
-0.58 0.0381995
-0.57 0.0383042
-0.56 0.0381732
-0.55 0.0382052
-0.54 0.0380987
-0.53 0.0371301
-0.52 0.0379776
-0.51 0.0433859
-0.5 0.0559011
-0.49 0.0435339
-0.48 0.0383186
-0.47 0.0375823
-0.46 0.0383822
-0.45 0.0383653
-0.44 0.03838
-0.43 0.0385835
-0.42 0.0385574
-0.41 0.0388129
-0.4 0.0389726
-0.39 0.0389715
-0.38 0.03904
-0.37 0.0391557
-0.36 0.0392585
-0.35 0.0394012
-0.34 0.0395191
-0.33 0.0396259
-0.32 0.0397137
-0.31 0.0397923
-0.3 0.0399511
-0.29 0.0400791
-0.28 0.040123
-0.27 0.040213
-0.26 0.0403901
-0.25 0.0405813
-0.24 0.040716
-0.23 0.0408571
-0.22 0.0409814
-0.21 0.0411612
-0.2 0.0412964
-0.19 0.0412697
-0.18 0.0413045
-0.17 0.0413639
-0.16 0.0414643
-0.15 0.0414413
-0.14 0.0414706
-0.13 0.0414107
-0.12 0.0413895
-0.11 0.0414585
-0.1 0.0414417
-0.09 0.0413985
-0.08 0.0413155
-0.07 0.0413755
-0.06 0.0412179
-0.05 0.0412333
-0.04 0.0410427
-0.03 0.0399418
-0.02 0.0408485
-0.01 0.0464906
8.88178e-16 0.0592704
0.01 0.0461805
0.02 0.040472
0.03 0.039466
0.04 0.0401194
0.05 0.0400101
0.06 0.0398722
0.07 0.0398356
0.08 0.039517
0.09 0.0395584
0.1 0.03957
0.11 0.0394429
0.12 0.0393956
0.13 0.0394158
0.14 0.039374
0.15 0.039351
0.16 0.0393192
0.17 0.0392812
0.18 0.0392596
0.19 0.039259
0.2 0.0393442
0.21 0.0393493
0.22 0.0392214
0.23 0.0391695
0.24 0.0391651
0.25 0.0391688
0.26 0.0391144
0.27 0.039113
0.28 0.0390761
0.29 0.0391204
0.3 0.0391602
0.31 0.0391115
0.32 0.0391034
0.33 0.0391004
0.34 0.0392017
0.35 0.0392151
0.36 0.0392799
0.37 0.0392547
0.38 0.0392605
0.39 0.0393417
0.4 0.0392918
0.41 0.0392018
0.42 0.0391351
0.43 0.039271
0.44 0.039169
0.45 0.0392139
0.46 0.0391101
0.47 0.0381927
0.48 0.0391177
0.49 0.0445409
0.5 0.0568921
0.51 0.0443696
0.52 0.039187
0.53 0.0385666
0.54 0.0394774
0.55 0.0395106
0.56 0.0394038
0.57 0.0393814
0.58 0.0391517
0.59 0.039255
0.6 0.0392321
0.61 0.0390562
0.62 0.03895
0.63 0.0389043
0.64 0.038842
0.65 0.038794
0.66 0.0387491
0.67 0.0386921
0.68 0.0386317
0.69 0.0385759
0.7 0.0386207
0.71 0.0386235
0.72 0.0385376
0.73 0.0384841
0.74 0.0384707
0.75 0.0384394
0.76 0.0383142
0.77 0.0382493
0.78 0.0381566
0.79 0.0381499
0.8 0.0381233
0.81 0.0380046
0.82 0.0379557
0.83 0.037928
0.84 0.0379934
0.85 0.0380019
0.86 0.03807
0.87 0.0380587
0.88 0.0380765
0.89 0.0381708
0.9 0.0381857
0.91 0.0381917
0.92 0.0381555
0.93 0.0383086
0.94 0.0381967
0.95 0.0382593
0.96 0.0381909
0.97 0.0373087
0.98 0.0383567
0.99 0.0439749
