-1 0.0146025
-0.99 0.00922833
-0.98 0.00772216
-0.97 0.00741486
-0.96 0.00739112
-0.95 0.00766507
-0.94 0.00774633
-0.93 0.00764855
-0.92 0.00771459
-0.91 0.00770413
-0.9 0.00769403
-0.89 0.00776974
-0.88 0.00780165
-0.87 0.00781482
-0.86 0.00780998
-0.85 0.0078002
-0.84 0.00781675
-0.83 0.00780743
-0.82 0.00779141
-0.81 0.00775531
-0.8 0.00787048
-0.79 0.00785656
-0.78 0.0077321
-0.77 0.00773135
-0.76 0.00771771
-0.75 0.00766076
-0.74 0.00765086
-0.73 0.00769986
-0.72 0.00770001
-0.71 0.00783096
-0.7 0.00788433
-0.69 0.00777526
-0.68 0.00781258
-0.67 0.00788007
-0.66 0.00789052
-0.65 0.00787806
-0.64 0.00786108
-0.63 0.00786122
-0.62 0.00783423
-0.61 0.00777904
-0.6 0.00775302
-0.59 0.00773662
-0.58 0.00771344
-0.57 0.00770051
-0.56 0.00775703
-0.55 0.00759294
-0.54 0.00736881
-0.53 0.00736504
-0.52 0.00757223
-0.51 0.00917707
-0.5 0.0145539
-0.49 0.00915442
-0.48 0.00752238
-0.47 0.00730023
-0.46 0.00731667
-0.45 0.00753703
-0.44 0.00761967
-0.43 0.00757247
-0.42 0.00770914
-0.41 0.00776519
-0.4 0.0077852
-0.39 0.0078594
-0.38 0.00788068
-0.37 0.00790294
-0.36 0.00787435
-0.35 0.0078211
-0.34 0.00774403
-0.33 0.00756801
-0.32 0.00740298
-0.31 0.00720498
-0.3 0.00717815
-0.29 0.00701629
-0.28 0.00669885
-0.27 0.00653677
-0.26 0.00631595
-0.25 0.00607966
-0.24 0.00593758
-0.23 0.00586564
-0.22 0.00580258
-0.21 0.00587489
-0.2 0.00589607
-0.19 0.00580308
-0.18 0.00580822
-0.17 0.00582529
-0.16 0.00583673
-0.15 0.00584172
-0.14 0.00583416
-0.13 0.00581294
-0.12 0.0057643
-0.11 0.00570317
-0.1 0.00568553
-0.09 0.00568875
-0.08 0.00566502
-0.07 0.00566806
-0.06 0.00576107
-0.05 0.00565532
-0.04 0.00549598
-0.03 0.00547099
-0.02 0.0054833
-0.01 0.00663613
8.88178e-16 0.011453
0.01 0.00694123
0.02 0.00571156
0.03 0.00560528
0.04 0.00567636
0.05 0.00580895
0.06 0.0058715
0.07 0.00582525
0.08 0.00590662
0.09 0.00591916
0.1 0.00592081
0.11 0.00597373
0.12 0.00600092
0.13 0.00605843
0.14 0.00610781
0.15 0.00613557
0.16 0.00615558
0.17 0.00615647
0.18 0.00617551
0.19 0.00615815
0.2 0.00629004
0.21 0.00628638
0.22 0.00617102
0.23 0.00622596
0.24 0.006295
0.25 0.00641966
0.26 0.00661085
0.27 0.00679774
0.28 0.00695401
0.29 0.00721113
0.3 0.00737623
0.31 0.00736874
0.32 0.00748198
0.33 0.00762216
0.34 0.0077072
0.35 0.00778669
0.36 0.00785872
0.37 0.00790833
0.38 0.00792282
0.39 0.0079092
0.4 0.00793251
0.41 0.00800166
0.42 0.0079667
0.43 0.00795754
0.44 0.00811706
0.45 0.00804417
0.46 0.00793641
0.47 0.00791966
0.48 0.00806901
0.49 0.00985387
0.5 0.0151673
0.51 0.00955122
0.52 0.0081114
0.53 0.00787823
0.54 0.00776388
0.55 0.00803861
0.56 0.00811839
0.57 0.00797724
0.58 0.00805294
0.59 0.00803416
0.6 0.00797562
0.61 0.00802061
0.62 0.00805928
0.63 0.00810784
0.64 0.00811394
0.65 0.00809507
0.66 0.00811884
0.67 0.00810614
0.68 0.0081105
0.69 0.00810347
0.7 0.0082428
0.71 0.00823304
0.72 0.00808871
0.73 0.00810255
0.74 0.00806988
0.75 0.00800194
0.76 0.00799346
0.77 0.00802415
0.78 0.00803208
0.79 0.0081426
0.8 0.00816244
0.81 0.00802984
0.82 0.00804995
0.83 0.00813706
0.84 0.00817264
0.85 0.00820818
0.86 0.00824674
0.87 0.00825399
0.88 0.00820271
0.89 0.00814591
0.9 0.00810711
0.91 0.00811184
0.92 0.00798973
0.93 0.00793589
0.94 0.00802005
0.95 0.00784754
0.96 0.00767804
0.97 0.00766151
0.98 0.0077798
0.99 0.00942935
