-1 0.0149102
-0.99 0.00923245
-0.98 0.00748077
-0.97 0.00747823
-0.96 0.00769362
-0.95 0.00772214
-0.94 0.00775657
-0.93 0.00769322
-0.92 0.00770291
-0.91 0.00776128
-0.9 0.00769858
-0.89 0.0077245
-0.88 0.00771801
-0.87 0.0076796
-0.86 0.00768245
-0.85 0.00770343
-0.84 0.00766233
-0.83 0.00762632
-0.82 0.00760842
-0.81 0.00755117
-0.8 0.00761367
-0.79 0.0075945
-0.78 0.00752601
-0.77 0.00754597
-0.76 0.00757312
-0.75 0.00754755
-0.74 0.00757549
-0.73 0.00758661
-0.72 0.00759158
-0.71 0.00767753
-0.7 0.00770385
-0.69 0.00762959
-0.68 0.00767884
-0.67 0.007723
-0.66 0.00775361
-0.65 0.00776295
-0.64 0.00778066
-0.63 0.00779453
-0.62 0.00780209
-0.61 0.00780457
-0.6 0.0077783
-0.59 0.00787616
-0.58 0.00784896
-0.57 0.0077741
-0.56 0.0077576
-0.55 0.0076958
-0.54 0.00765692
-0.53 0.00757779
-0.52 0.00757736
-0.51 0.00911803
-0.5 0.014915
-0.49 0.00893236
-0.48 0.00733694
-0.47 0.00740609
-0.46 0.00761643
-0.45 0.00773975
-0.44 0.00776629
-0.43 0.00770227
-0.42 0.00780263
-0.41 0.00788004
-0.4 0.00784159
-0.39 0.00790055
-0.38 0.00788761
-0.37 0.0078468
-0.36 0.00783077
-0.35 0.00784676
-0.34 0.00780905
-0.33 0.00778709
-0.32 0.00778255
-0.31 0.00773781
-0.3 0.00782489
-0.29 0.00780986
-0.28 0.00772582
-0.27 0.00773708
-0.26 0.00773363
-0.25 0.00768836
-0.24 0.00768442
-0.23 0.00764235
-0.22 0.00764169
-0.21 0.00772204
-0.2 0.00772654
-0.19 0.00762831
-0.18 0.00767305
-0.17 0.00767875
-0.16 0.00770808
-0.15 0.00773946
-0.14 0.00777211
-0.13 0.0078168
-0.12 0.00783912
-0.11 0.00786322
-0.1 0.00786523
-0.09 0.00800046
-0.08 0.0079751
-0.07 0.00784287
-0.06 0.00787881
-0.05 0.00783428
-0.04 0.00768388
-0.03 0.00763569
-0.02 0.00761987
-0.01 0.00899373
8.88178e-16 0.0150363
0.01 0.00941528
0.02 0.00765718
0.03 0.00756483
0.04 0.00774511
0.05 0.00779495
0.06 0.00782488
0.07 0.00782106
0.08 0.00790848
0.09 0.00800667
0.1 0.00795092
0.11 0.00798016
0.12 0.00800075
0.13 0.00800226
0.14 0.0080135
0.15 0.00803033
0.16 0.00797683
0.17 0.00790796
0.18 0.00786975
0.19 0.00780637
0.2 0.00786725
0.21 0.00784073
0.22 0.00774827
0.23 0.00773617
0.24 0.0077659
0.25 0.00776372
0.26 0.00778528
0.27 0.00778863
0.28 0.00781143
0.29 0.00790445
0.3 0.00794591
0.31 0.00787181
0.32 0.00790632
0.33 0.00792847
0.34 0.00794366
0.35 0.00793514
0.36 0.00792635
0.37 0.00794293
0.38 0.00791213
0.39 0.00782998
0.4 0.00775551
0.41 0.00782115
0.42 0.00779744
0.43 0.00779185
0.44 0.00784669
0.45 0.00780885
0.46 0.0077237
0.47 0.00761614
0.48 0.00761036
0.49 0.00912258
0.5 0.0150796
0.51 0.00930565
0.52 0.0076662
0.53 0.00764765
0.54 0.00785291
0.55 0.00796805
0.56 0.00800684
0.57 0.00798054
0.58 0.00805775
0.59 0.0081156
0.6 0.00806108
0.61 0.00809538
0.62 0.00810499
0.63 0.00809526
0.64 0.00811467
0.65 0.00813546
0.66 0.00811467
0.67 0.00810373
0.68 0.00811443
0.69 0.00806346
0.7 0.008158
0.71 0.00815966
0.72 0.00807413
0.73 0.0080689
0.74 0.00808772
0.75 0.00808301
0.76 0.00809871
0.77 0.00809631
0.78 0.0081069
0.79 0.00820808
0.8 0.00824896
0.81 0.00815634
0.82 0.00819415
0.83 0.00820201
0.84 0.00821383
0.85 0.00820886
0.86 0.00819102
0.87 0.00815395
0.88 0.00812532
0.89 0.00808609
0.9 0.00803253
0.91 0.00813691
0.92 0.00812536
0.93 0.00801681
0.94 0.00804524
0.95 0.00801426
0.96 0.00788658
0.97 0.00773396
0.98 0.00757138
0.99 0.00887614
