-1 0.0169356
-0.99 0.0100722
-0.98 0.0083946
-0.97 0.00866836
-0.96 0.00927066
-0.95 0.0092078
-0.94 0.00909955
-0.93 0.00910851
-0.92 0.00906365
-0.91 0.00914029
-0.9 0.00917879
-0.89 0.00913901
-0.88 0.00914052
-0.87 0.00917953
-0.86 0.00919236
-0.85 0.00919363
-0.84 0.00919609
-0.83 0.00918938
-0.82 0.0091989
-0.81 0.00920083
-0.8 0.00924092
-0.79 0.00922602
-0.78 0.00916483
-0.77 0.00918567
-0.76 0.00919782
-0.75 0.00922023
-0.74 0.00917961
-0.73 0.00922976
-0.72 0.00927231
-0.71 0.00934223
-0.7 0.00938033
-0.69 0.00939357
-0.68 0.00938726
-0.67 0.00939542
-0.66 0.00939969
-0.65 0.0093884
-0.64 0.00941413
-0.63 0.0093734
-0.62 0.00934331
-0.61 0.00931433
-0.6 0.00927384
-0.59 0.00924681
-0.58 0.00918756
-0.57 0.00923694
-0.56 0.0091613
-0.55 0.00916243
-0.54 0.00919808
-0.53 0.0087394
-0.52 0.00870191
-0.51 0.0104114
-0.5 0.0170409
-0.49 0.00984327
-0.48 0.00831895
-0.47 0.00879028
-0.46 0.00939062
-0.45 0.00934309
-0.44 0.00929387
-0.43 0.00929799
-0.42 0.0092316
-0.41 0.00925159
-0.4 0.00924751
-0.39 0.0091893
-0.38 0.00916173
-0.37 0.00916141
-0.36 0.00913681
-0.35 0.00914172
-0.34 0.00916862
-0.33 0.00915494
-0.32 0.00915167
-0.31 0.00913922
-0.3 0.00918532
-0.29 0.00917172
-0.28 0.00915726
-0.27 0.00918584
-0.26 0.00915653
-0.25 0.00919046
-0.24 0.0091787
-0.23 0.0092308
-0.22 0.00927358
-0.21 0.00936397
-0.2 0.00938076
-0.19 0.00936384
-0.18 0.00936383
-0.17 0.00938802
-0.16 0.00942992
-0.15 0.0094368
-0.14 0.00945493
-0.13 0.0094368
-0.12 0.00943855
-0.11 0.00943091
-0.1 0.00947663
-0.09 0.00953421
-0.08 0.00949317
-0.07 0.00955604
-0.06 0.00953605
-0.05 0.00959001
-0.04 0.00970946
-0.03 0.00924738
-0.02 0.00892651
-0.01 0.0103905
8.88178e-16 0.0173803
0.01 0.0106954
0.02 0.00896669
0.03 0.00907413
0.04 0.00964035
0.05 0.00964568
0.06 0.00962105
0.07 0.00968759
0.08 0.00963391
0.09 0.00966868
0.1 0.0097142
0.11 0.00969014
0.12 0.00970597
0.13 0.009747
0.14 0.00975329
0.15 0.00975562
0.16 0.00975219
0.17 0.00975175
0.18 0.00975781
0.19 0.00975439
0.2 0.00981047
0.21 0.00979603
0.22 0.00972079
0.23 0.00969731
0.24 0.00968056
0.25 0.00972727
0.26 0.00968572
0.27 0.0096953
0.28 0.0096869
0.29 0.00972816
0.3 0.00974913
0.31 0.0097271
0.32 0.0096983
0.33 0.00972601
0.34 0.00972112
0.35 0.00968262
0.36 0.00969257
0.37 0.00968348
0.38 0.00967123
0.39 0.00965043
0.4 0.00964482
0.41 0.00963647
0.42 0.0096088
0.43 0.00964523
0.44 0.00952113
0.45 0.00955805
0.46 0.00963255
0.47 0.00905489
0.48 0.0087448
0.49 0.0102846
0.5 0.0172534
0.51 0.0104864
0.52 0.00882611
0.53 0.00897451
0.54 0.00942165
0.55 0.00939876
0.56 0.00946534
0.57 0.00957545
0.58 0.00952421
0.59 0.00952386
0.6 0.00954921
0.61 0.00954022
0.62 0.00958749
0.63 0.00961205
0.64 0.00960872
0.65 0.00960149
0.66 0.00959741
0.67 0.00957173
0.68 0.00957655
0.69 0.0095808
0.7 0.00963193
0.71 0.00962064
0.72 0.00955719
0.73 0.00953891
0.74 0.00949971
0.75 0.00950231
0.76 0.00944776
0.77 0.00946853
0.78 0.00947799
0.79 0.00950808
0.8 0.00950709
0.81 0.00948592
0.82 0.00945242
0.83 0.00943196
0.84 0.0094175
0.85 0.00942154
0.86 0.00946291
0.87 0.00943268
0.88 0.00939478
0.89 0.00936817
0.9 0.00937203
0.91 0.00935243
0.92 0.00923431
0.93 0.00924157
0.94 0.00917565
0.95 0.00920193
0.96 0.0092595
0.97 0.00874009
0.98 0.0084688
0.99 0.0100218
