-1 0.00556243
-0.99 0.00316386
-0.98 0.00264279
-0.97 0.00254956
-0.96 0.00269858
-0.95 0.00263967
-0.94 0.00258678
-0.93 0.00268987
-0.92 0.0026263
-0.91 0.00261183
-0.9 0.00267235
-0.89 0.00266935
-0.88 0.00265993
-0.87 0.00264953
-0.86 0.00266476
-0.85 0.0026857
-0.84 0.00267557
-0.83 0.00263608
-0.82 0.00263349
-0.81 0.00262372
-0.8 0.00265144
-0.79 0.0026497
-0.78 0.00261223
-0.77 0.00259497
-0.76 0.00260549
-0.75 0.00259579
-0.74 0.00259278
-0.73 0.0025927
-0.72 0.00261364
-0.71 0.00261528
-0.7 0.00264584
-0.69 0.0026516
-0.68 0.00263087
-0.67 0.00261725
-0.66 0.00262198
-0.65 0.00260732
-0.64 0.00260684
-0.63 0.0026234
-0.62 0.00263768
-0.61 0.00266648
-0.6 0.00266995
-0.59 0.00266091
-0.58 0.00265608
-0.57 0.00270396
-0.56 0.00261805
-0.55 0.00268293
-0.54 0.00280979
-0.53 0.00267623
-0.52 0.00272362
-0.51 0.00313538
-0.5 0.00561305
-0.49 0.00296248
-0.48 0.00266926
-0.47 0.00278149
-0.46 0.0028192
-0.45 0.00268469
-0.44 0.00266694
-0.43 0.00270318
-0.42 0.00265127
-0.41 0.00271136
-0.4 0.00270616
-0.39 0.00267823
-0.38 0.00272534
-0.37 0.00273015
-0.36 0.00272169
-0.35 0.0027515
-0.34 0.00276017
-0.33 0.00273868
-0.32 0.00273123
-0.31 0.00273081
-0.3 0.00277531
-0.29 0.00279099
-0.28 0.00277243
-0.27 0.0027546
-0.26 0.00276007
-0.25 0.00274166
-0.24 0.00273146
-0.23 0.0027177
-0.22 0.00272907
-0.21 0.00271198
-0.2 0.00274193
-0.19 0.00272445
-0.18 0.00269102
-0.17 0.00269734
-0.16 0.00271547
-0.15 0.00271286
-0.14 0.00272524
-0.13 0.00273137
-0.12 0.00273946
-0.11 0.00277116
-0.1 0.00276513
-0.09 0.00273541
-0.08 0.00273775
-0.07 0.00281989
-0.06 0.00269743
-0.05 0.00265293
-0.04 0.00281081
-0.03 0.00280732
-0.02 0.00270128
-0.01 0.00291099
8.88178e-16 0.00565351
0.01 0.00331463
0.02 0.00277692
0.03 0.00265055
0.04 0.00283247
0.05 0.00280269
0.06 0.00268847
0.07 0.00273144
0.08 0.00273901
0.09 0.00278805
0.1 0.0028236
0.11 0.00281344
0.12 0.00278012
0.13 0.00274601
0.14 0.00275429
0.15 0.00275994
0.16 0.00274555
0.17 0.00271774
0.18 0.00269321
0.19 0.00266555
0.2 0.00268335
0.21 0.00267181
0.22 0.00264193
0.23 0.00259168
0.24 0.00259039
0.25 0.00259745
0.26 0.00261904
0.27 0.00260684
0.28 0.00263063
0.29 0.00264376
0.3 0.00266382
0.31 0.00266468
0.32 0.00266127
0.33 0.00266443
0.34 0.00268687
0.35 0.00269962
0.36 0.00270388
0.37 0.00273711
0.38 0.00276277
0.39 0.00275887
0.4 0.0027239
0.41 0.00268973
0.42 0.00270174
0.43 0.00275856
0.44 0.0026632
0.45 0.00269578
0.46 0.0028141
0.47 0.00277564
0.48 0.00290246
0.49 0.00327963
0.5 0.00558514
0.51 0.00299476
0.52 0.00278576
0.53 0.00295531
0.54 0.00303332
0.55 0.00291739
0.56 0.00286643
0.57 0.00290569
0.58 0.00283517
0.59 0.00284417
0.6 0.00286461
0.61 0.00284919
0.62 0.00289135
0.63 0.00292413
0.64 0.00294064
0.65 0.00293492
0.66 0.00291548
0.67 0.00288854
0.68 0.00287282
0.69 0.00284692
0.7 0.00285221
0.71 0.002834
0.72 0.00279705
0.73 0.00275738
0.74 0.00274789
0.75 0.00274134
0.76 0.00275755
0.77 0.00275381
0.78 0.00277208
0.79 0.00276683
0.8 0.00277162
0.81 0.00273739
0.82 0.00270614
0.83 0.00270595
0.84 0.00272173
0.85 0.00271336
0.86 0.00271293
0.87 0.0027193
0.88 0.00268384
0.89 0.00270338
0.9 0.00271105
0.91 0.00268488
0.92 0.00265337
0.93 0.00270255
0.94 0.00259281
0.95 0.00257555
0.96 0.00273588
0.97 0.00274017
0.98 0.00262385
0.99 0.00282828
