-1 0.016674
-0.99 0.00964468
-0.98 0.00787797
-0.97 0.00816639
-0.96 0.00874256
-0.95 0.00866406
-0.94 0.00860154
-0.93 0.0087278
-0.92 0.00863935
-0.91 0.0086689
-0.9 0.00874246
-0.89 0.00869985
-0.88 0.00871557
-0.87 0.00877246
-0.86 0.00875703
-0.85 0.00872275
-0.84 0.00875423
-0.83 0.00874142
-0.82 0.00873854
-0.81 0.00871782
-0.8 0.00876712
-0.79 0.00877831
-0.78 0.00873767
-0.77 0.00873783
-0.76 0.00870869
-0.75 0.00875575
-0.74 0.00869818
-0.73 0.00870573
-0.72 0.00873968
-0.71 0.00883015
-0.7 0.00885017
-0.69 0.00880508
-0.68 0.0088362
-0.67 0.00886004
-0.66 0.00886314
-0.65 0.0088364
-0.64 0.00885748
-0.63 0.00881331
-0.62 0.00876536
-0.61 0.00881339
-0.6 0.00881261
-0.59 0.008738
-0.58 0.00871551
-0.57 0.00881376
-0.56 0.00861737
-0.55 0.00865252
-0.54 0.00872429
-0.53 0.0080922
-0.52 0.00781978
-0.51 0.00962699
-0.5 0.0167431
-0.49 0.00956181
-0.48 0.00779736
-0.47 0.008155
-0.46 0.00877037
-0.45 0.00871126
-0.44 0.00867218
-0.43 0.00879
-0.42 0.00871032
-0.41 0.00878634
-0.4 0.00887869
-0.39 0.00885342
-0.38 0.00886852
-0.37 0.00894477
-0.36 0.00896657
-0.35 0.00897198
-0.34 0.00901235
-0.33 0.00896609
-0.32 0.00893454
-0.31 0.00890104
-0.3 0.00896088
-0.29 0.00895821
-0.28 0.00890475
-0.27 0.00890043
-0.26 0.00885832
-0.25 0.00891165
-0.24 0.00884698
-0.23 0.00882683
-0.22 0.00883334
-0.21 0.0088969
-0.2 0.00889261
-0.19 0.00881954
-0.18 0.00882559
-0.17 0.00885331
-0.16 0.00887855
-0.15 0.00888886
-0.14 0.00894526
-0.13 0.00895832
-0.12 0.00893464
-0.11 0.00897766
-0.1 0.00897313
-0.09 0.00887396
-0.08 0.0088028
-0.07 0.00887313
-0.06 0.00870867
-0.05 0.00877154
-0.04 0.00884262
-0.03 0.00827502
-0.02 0.00805029
-0.01 0.00987723
8.88178e-16 0.0170243
0.01 0.00987594
0.02 0.00808134
0.03 0.00839058
0.04 0.00900716
0.05 0.00897402
0.06 0.00896383
0.07 0.0091286
0.08 0.00905525
0.09 0.00907316
0.1 0.009114
0.11 0.00906258
0.12 0.00906745
0.13 0.00913626
0.14 0.00914225
0.15 0.00913162
0.16 0.00913876
0.17 0.00910991
0.18 0.00909267
0.19 0.00908386
0.2 0.00916029
0.21 0.00916997
0.22 0.0091179
0.23 0.0091121
0.24 0.00910424
0.25 0.00919808
0.26 0.0091672
0.27 0.00914971
0.28 0.00915887
0.29 0.00923913
0.3 0.00925433
0.31 0.0091968
0.32 0.00921686
0.33 0.00924259
0.34 0.00924008
0.35 0.00921795
0.36 0.00924741
0.37 0.00921905
0.38 0.0091614
0.39 0.00918252
0.4 0.00916339
0.41 0.00908378
0.42 0.00905147
0.43 0.00916808
0.44 0.00904489
0.45 0.00918548
0.46 0.00930509
0.47 0.00863985
0.48 0.00829035
0.49 0.0100826
0.5 0.0173519
0.51 0.0101392
0.52 0.00827859
0.53 0.00854112
0.54 0.00911653
0.55 0.00904619
0.56 0.00902382
0.57 0.0091838
0.58 0.00910248
0.59 0.00909199
0.6 0.00911148
0.61 0.00903945
0.62 0.00904072
0.63 0.00907975
0.64 0.009054
0.65 0.00902241
0.66 0.00904684
0.67 0.00901295
0.68 0.00900624
0.69 0.00898715
0.7 0.00906018
0.71 0.00905617
0.72 0.00898027
0.73 0.00897058
0.74 0.0089662
0.75 0.0090471
0.76 0.00898762
0.77 0.00896514
0.78 0.0089571
0.79 0.00901065
0.8 0.00901976
0.81 0.0089663
0.82 0.0089805
0.83 0.00899695
0.84 0.00899385
0.85 0.00897217
0.86 0.00899074
0.87 0.00897332
0.88 0.00893835
0.89 0.00899862
0.9 0.00900095
0.91 0.00890058
0.92 0.00885076
0.93 0.00895194
0.94 0.00877805
0.95 0.00881958
0.96 0.00884576
0.97 0.00815084
0.98 0.00777898
0.99 0.00951277
