-1 0.0149939
-0.99 0.00894403
-0.98 0.00740941
-0.97 0.00748311
-0.96 0.00787168
-0.95 0.0078753
-0.94 0.00788215
-0.93 0.00792087
-0.92 0.007832
-0.91 0.00793444
-0.9 0.0079742
-0.89 0.00794442
-0.88 0.00797381
-0.87 0.0080259
-0.86 0.00804664
-0.85 0.00805357
-0.84 0.00803988
-0.83 0.00802809
-0.82 0.00802635
-0.81 0.00801076
-0.8 0.00803662
-0.79 0.00806201
-0.78 0.00801661
-0.77 0.00802137
-0.76 0.00805595
-0.75 0.00807826
-0.74 0.0080583
-0.73 0.00805187
-0.72 0.00804181
-0.71 0.00813371
-0.7 0.00813786
-0.69 0.00809162
-0.68 0.00810515
-0.67 0.00811617
-0.66 0.00816509
-0.65 0.00816783
-0.64 0.00817989
-0.63 0.0081393
-0.62 0.00808702
-0.61 0.00810414
-0.6 0.00809935
-0.59 0.00802099
-0.58 0.00792127
-0.57 0.00794065
-0.56 0.00778374
-0.55 0.00777746
-0.54 0.0078628
-0.53 0.00749308
-0.52 0.00737666
-0.51 0.00886451
-0.5 0.015026
-0.49 0.00886575
-0.48 0.00731726
-0.47 0.00739975
-0.46 0.00782081
-0.45 0.00786358
-0.44 0.00785315
-0.43 0.00787724
-0.42 0.00779587
-0.41 0.00788954
-0.4 0.00793268
-0.39 0.00791888
-0.38 0.0079515
-0.37 0.00798686
-0.36 0.00801198
-0.35 0.00803835
-0.34 0.0080537
-0.33 0.00803639
-0.32 0.00801352
-0.31 0.0079981
-0.3 0.00804774
-0.29 0.008075
-0.28 0.00805872
-0.27 0.00808626
-0.26 0.00813168
-0.25 0.00814147
-0.24 0.00810312
-0.23 0.00809562
-0.22 0.00811884
-0.21 0.00821219
-0.2 0.00824055
-0.19 0.00819771
-0.18 0.00820066
-0.17 0.00821791
-0.16 0.00827261
-0.15 0.00828011
-0.14 0.00829559
-0.13 0.00826745
-0.12 0.0082455
-0.11 0.00828568
-0.1 0.00830778
-0.09 0.00826156
-0.08 0.00817252
-0.07 0.00821164
-0.06 0.00811711
-0.05 0.00819834
-0.04 0.00829201
-0.03 0.0078471
-0.02 0.00763437
-0.01 0.0090751
8.88178e-16 0.0152689
0.01 0.00921379
0.02 0.00768007
0.03 0.00773367
0.04 0.00809852
0.05 0.0081682
0.06 0.00823761
0.07 0.00829455
0.08 0.00824375
0.09 0.00838767
0.1 0.00844667
0.11 0.00843527
0.12 0.00846079
0.13 0.00847751
0.14 0.00845977
0.15 0.00845342
0.16 0.00843097
0.17 0.00839667
0.18 0.00837102
0.19 0.008368
0.2 0.00843278
0.21 0.00845011
0.22 0.00839723
0.23 0.00838543
0.24 0.00842465
0.25 0.00845432
0.26 0.00844726
0.27 0.00844866
0.28 0.00843728
0.29 0.00851447
0.3 0.00853095
0.31 0.00846224
0.32 0.00845278
0.33 0.00843114
0.34 0.00844036
0.35 0.00841425
0.36 0.00839774
0.37 0.0083464
0.38 0.00830602
0.39 0.00832658
0.4 0.00831301
0.41 0.00822774
0.42 0.0081361
0.43 0.00819243
0.44 0.00810552
0.45 0.00817927
0.46 0.00829217
0.47 0.00785531
0.48 0.00763676
0.49 0.00913477
0.5 0.0155121
0.51 0.00939932
0.52 0.0077844
0.53 0.00779196
0.54 0.00816165
0.55 0.00820108
0.56 0.00825402
0.57 0.00831851
0.58 0.00825052
0.59 0.00835288
0.6 0.0083931
0.61 0.00839841
0.62 0.00845404
0.63 0.00848952
0.64 0.00848764
0.65 0.00847251
0.66 0.0084477
0.67 0.00840799
0.68 0.00838844
0.69 0.0083735
0.7 0.00842093
0.71 0.00844747
0.72 0.00839299
0.73 0.00837946
0.74 0.00841954
0.75 0.00843158
0.76 0.00838136
0.77 0.00835814
0.78 0.0083512
0.79 0.00842118
0.8 0.00843178
0.81 0.00836353
0.82 0.00831216
0.83 0.00827149
0.84 0.00828537
0.85 0.00828316
0.86 0.00827369
0.87 0.00820017
0.88 0.00812065
0.89 0.00813345
0.9 0.0081325
0.91 0.00804393
0.92 0.007937
0.93 0.00798674
0.94 0.00788143
0.95 0.00789629
0.96 0.00798135
0.97 0.00756216
0.98 0.00733312
0.99 0.00877145
