-1 0.0188747
-0.99 0.0121181
-0.98 0.0100577
-0.97 0.00998403
-0.96 0.0105721
-0.95 0.0105763
-0.94 0.0105578
-0.93 0.010654
-0.92 0.0105921
-0.91 0.0105095
-0.9 0.0105837
-0.89 0.0106516
-0.88 0.0106597
-0.87 0.0106365
-0.86 0.0106164
-0.85 0.0105629
-0.84 0.0105694
-0.83 0.0105511
-0.82 0.0105187
-0.81 0.0105251
-0.8 0.010553
-0.79 0.0105219
-0.78 0.0104469
-0.77 0.0104584
-0.76 0.0104433
-0.75 0.0104537
-0.74 0.0104611
-0.73 0.0105287
-0.72 0.0105129
-0.71 0.0105397
-0.7 0.0105392
-0.69 0.0105401
-0.68 0.01056
-0.67 0.0105942
-0.66 0.0106249
-0.65 0.0106423
-0.64 0.0106008
-0.63 0.0106132
-0.62 0.0105552
-0.61 0.0104869
-0.6 0.0105175
-0.59 0.0105767
-0.58 0.0106433
-0.57 0.0106533
-0.56 0.0105446
-0.55 0.0105652
-0.54 0.010618
-0.53 0.0100549
-0.52 0.0102212
-0.51 0.0125583
-0.5 0.0195104
-0.49 0.0122897
-0.48 0.0102526
-0.47 0.0104493
-0.46 0.0112413
-0.45 0.0113145
-0.44 0.0113415
-0.43 0.0114167
-0.42 0.0113623
-0.41 0.011312
-0.4 0.0113112
-0.39 0.0112493
-0.38 0.0111003
-0.37 0.0109238
-0.36 0.0107434
-0.35 0.0104963
-0.34 0.0102414
-0.33 0.0099159
-0.32 0.00954644
-0.31 0.00921142
-0.3 0.00894258
-0.29 0.00860679
-0.28 0.00822405
-0.27 0.00797633
-0.26 0.0076713
-0.25 0.00737118
-0.24 0.00714075
-0.23 0.00705957
-0.22 0.00697667
-0.21 0.00693709
-0.2 0.00688674
-0.19 0.00682337
-0.18 0.0068036
-0.17 0.00680154
-0.16 0.00682324
-0.15 0.00680469
-0.14 0.00677558
-0.13 0.00677966
-0.12 0.00676157
-0.11 0.00671325
-0.1 0.00670764
-0.09 0.00671186
-0.08 0.00671895
-0.07 0.00674636
-0.06 0.00678608
-0.05 0.00679239
-0.04 0.00684931
-0.03 0.00662752
-0.02 0.00650969
-0.01 0.0075908
8.88178e-16 0.0130715
0.01 0.00816436
0.02 0.00689351
0.03 0.00674586
0.04 0.00701763
0.05 0.0070545
0.06 0.00708827
0.07 0.0071717
0.08 0.00724064
0.09 0.00729144
0.1 0.0073417
0.11 0.00736004
0.12 0.0073548
0.13 0.00737919
0.14 0.00743725
0.15 0.00747711
0.16 0.00752707
0.17 0.00754659
0.18 0.00755274
0.19 0.00756328
0.2 0.00764596
0.21 0.00765548
0.22 0.00758733
0.23 0.00762049
0.24 0.0076485
0.25 0.00779137
0.26 0.0079836
0.27 0.00819944
0.28 0.00838674
0.29 0.00865739
0.3 0.00895616
0.31 0.009246
0.32 0.00957159
0.33 0.00990909
0.34 0.010255
0.35 0.0105216
0.36 0.0107392
0.37 0.0109739
0.38 0.0111021
0.39 0.0111223
0.4 0.0112342
0.41 0.011369
0.42 0.0114264
0.43 0.011421
0.44 0.0114014
0.45 0.0114794
0.46 0.0115173
0.47 0.010736
0.48 0.0106415
0.49 0.0129153
0.5 0.0200623
0.51 0.0126646
0.52 0.0104193
0.53 0.0103965
0.54 0.010949
0.55 0.0108602
0.56 0.0107833
0.57 0.0108259
0.58 0.0107535
0.59 0.0107041
0.6 0.010733
0.61 0.0107293
0.62 0.0107273
0.63 0.0107807
0.64 0.010815
0.65 0.0107785
0.66 0.0107962
0.67 0.0107913
0.68 0.0107739
0.69 0.0107778
0.7 0.0108505
0.71 0.0108737
0.72 0.0108702
0.73 0.0109106
0.74 0.0108891
0.75 0.0108958
0.76 0.0109151
0.77 0.0110421
0.78 0.0111001
0.79 0.011127
0.8 0.0111526
0.81 0.0111369
0.82 0.0111548
0.83 0.0112296
0.84 0.0113006
0.85 0.011358
0.86 0.0114167
0.87 0.0114476
0.88 0.0113884
0.89 0.0112938
0.9 0.0112487
0.91 0.0112229
0.92 0.011093
0.93 0.0109658
0.94 0.0108074
0.95 0.0107411
0.96 0.0107692
0.97 0.0101434
0.98 0.00999844
0.99 0.0120064
