-1 0.0153582
-0.99 0.00922193
-0.98 0.00775771
-0.97 0.0078338
-0.96 0.00819825
-0.95 0.00813911
-0.94 0.00812287
-0.93 0.0081529
-0.92 0.00808677
-0.91 0.00816057
-0.9 0.00817276
-0.89 0.00816684
-0.88 0.00821372
-0.87 0.00828622
-0.86 0.00829516
-0.85 0.00831646
-0.84 0.00836481
-0.83 0.0083498
-0.82 0.00833103
-0.81 0.0083264
-0.8 0.0083863
-0.79 0.00834936
-0.78 0.00829311
-0.77 0.0082897
-0.76 0.0083194
-0.75 0.00834012
-0.74 0.00831042
-0.73 0.00833247
-0.72 0.00832268
-0.71 0.00840041
-0.7 0.00841307
-0.69 0.00838605
-0.68 0.00839113
-0.67 0.00841312
-0.66 0.00840097
-0.65 0.00834978
-0.64 0.00838483
-0.63 0.00837729
-0.62 0.00832173
-0.61 0.00831761
-0.6 0.0083267
-0.59 0.0083086
-0.58 0.00829594
-0.57 0.00833335
-0.56 0.00824933
-0.55 0.00830414
-0.54 0.00832252
-0.53 0.00780666
-0.52 0.00770451
-0.51 0.00933942
-0.5 0.0156084
-0.49 0.00926732
-0.48 0.00787954
-0.47 0.00804067
-0.46 0.00842158
-0.45 0.00838848
-0.44 0.00839431
-0.43 0.00841424
-0.42 0.00834635
-0.41 0.00842185
-0.4 0.0084274
-0.39 0.00839722
-0.38 0.00838756
-0.37 0.00840566
-0.36 0.00839378
-0.35 0.00842643
-0.34 0.00848582
-0.33 0.00844226
-0.32 0.00838665
-0.31 0.00838847
-0.3 0.00845516
-0.29 0.00842129
-0.28 0.00835717
-0.27 0.00834089
-0.26 0.00831787
-0.25 0.00829328
-0.24 0.0082491
-0.23 0.0082337
-0.22 0.00820191
-0.21 0.00825154
-0.2 0.00824979
-0.19 0.00819453
-0.18 0.00820426
-0.17 0.00823239
-0.16 0.00823103
-0.15 0.0082157
-0.14 0.00823122
-0.13 0.00822939
-0.12 0.00821049
-0.11 0.00820971
-0.1 0.00820461
-0.09 0.00818042
-0.08 0.00816458
-0.07 0.00813801
-0.06 0.00806016
-0.05 0.00819949
-0.04 0.00823912
-0.03 0.00774907
-0.02 0.0075595
-0.01 0.00902612
8.88178e-16 0.0153028
0.01 0.00921368
0.02 0.00776796
0.03 0.00782505
0.04 0.00818302
0.05 0.00818977
0.06 0.00828515
0.07 0.00836161
0.08 0.00832982
0.09 0.00843909
0.1 0.00845464
0.11 0.00845398
0.12 0.00847175
0.13 0.00850636
0.14 0.00849388
0.15 0.00852956
0.16 0.00857902
0.17 0.00853979
0.18 0.00850277
0.19 0.00849023
0.2 0.00856969
0.21 0.00855519
0.22 0.00849875
0.23 0.00847629
0.24 0.00850521
0.25 0.00853684
0.26 0.00856238
0.27 0.00858052
0.28 0.00855542
0.29 0.00861367
0.3 0.00860062
0.31 0.00851334
0.32 0.00849936
0.33 0.00849961
0.34 0.00850217
0.35 0.00847299
0.36 0.00848374
0.37 0.00849636
0.38 0.00845053
0.39 0.00844243
0.4 0.0084554
0.41 0.00840434
0.42 0.00835842
0.43 0.00836564
0.44 0.00830422
0.45 0.0084236
0.46 0.00847331
0.47 0.00795616
0.48 0.00782472
0.49 0.00940696
0.5 0.0158081
0.51 0.00948992
0.52 0.00792392
0.53 0.00794214
0.54 0.00832007
0.55 0.0083025
0.56 0.00837297
0.57 0.00846256
0.58 0.00839296
0.59 0.00843832
0.6 0.00844571
0.61 0.00845052
0.62 0.00849875
0.63 0.00855605
0.64 0.00857299
0.65 0.00861442
0.66 0.0086764
0.67 0.00864483
0.68 0.00862743
0.69 0.00862967
0.7 0.00872788
0.71 0.00873443
0.72 0.00867876
0.73 0.00865413
0.74 0.0086516
0.75 0.0086418
0.76 0.00862941
0.77 0.00866241
0.78 0.0086576
0.79 0.00872484
0.8 0.00874243
0.81 0.00869207
0.82 0.0086719
0.83 0.00868828
0.84 0.00869491
0.85 0.00864961
0.86 0.00865359
0.87 0.00863457
0.88 0.00856839
0.89 0.00854252
0.9 0.0085196
0.91 0.00846285
0.92 0.00836716
0.93 0.00831621
0.94 0.00819679
0.95 0.00826551
0.96 0.00830412
0.97 0.00780877
0.98 0.00759806
0.99 0.00906229
