-1 0.0187905
-0.99 0.011392
-0.98 0.00940057
-0.97 0.00937144
-0.96 0.00981129
-0.95 0.00980686
-0.94 0.00975939
-0.93 0.00983731
-0.92 0.00984839
-0.91 0.00989855
-0.9 0.00987835
-0.89 0.00986026
-0.88 0.00983021
-0.87 0.00982317
-0.86 0.00985282
-0.85 0.00987739
-0.84 0.00991392
-0.83 0.00988331
-0.82 0.00986487
-0.81 0.00985385
-0.8 0.00995031
-0.79 0.00995031
-0.78 0.00988789
-0.77 0.00989071
-0.76 0.00990422
-0.75 0.0099318
-0.74 0.00992185
-0.73 0.00993358
-0.72 0.0099399
-0.71 0.0100208
-0.7 0.0100635
-0.69 0.00999322
-0.68 0.00999383
-0.67 0.00999642
-0.66 0.0100204
-0.65 0.0100019
-0.64 0.0100268
-0.63 0.0100391
-0.62 0.0100103
-0.61 0.0100124
-0.6 0.00999656
-0.59 0.010035
-0.58 0.0100202
-0.57 0.00996469
-0.56 0.00981693
-0.55 0.00982357
-0.54 0.00985251
-0.53 0.00945993
-0.52 0.00955338
-0.51 0.0115848
-0.5 0.018862
-0.49 0.0114174
-0.48 0.00939648
-0.47 0.00936795
-0.46 0.00985265
-0.45 0.00991572
-0.44 0.00990816
-0.43 0.0099818
-0.42 0.0100253
-0.41 0.0101
-0.4 0.0100807
-0.39 0.0100594
-0.38 0.0100639
-0.37 0.0100938
-0.36 0.010131
-0.35 0.0101645
-0.34 0.0102545
-0.33 0.0102559
-0.32 0.0102285
-0.31 0.0101771
-0.3 0.0102454
-0.29 0.0101943
-0.28 0.0100803
-0.27 0.0100121
-0.26 0.00991957
-0.25 0.00986969
-0.24 0.0098058
-0.23 0.00977831
-0.22 0.0097907
-0.21 0.00989259
-0.2 0.0099203
-0.19 0.00980186
-0.18 0.00979008
-0.17 0.00982134
-0.16 0.0098464
-0.15 0.00979839
-0.14 0.00977238
-0.13 0.00978997
-0.12 0.00977003
-0.11 0.00975451
-0.1 0.00974198
-0.09 0.009788
-0.08 0.00977068
-0.07 0.00974209
-0.06 0.00965753
-0.05 0.00974034
-0.04 0.00978304
-0.03 0.00936557
-0.02 0.0093421
-0.01 0.0112479
8.88178e-16 0.018689
0.01 0.0116586
0.02 0.00958871
0.03 0.0093417
0.04 0.00976799
0.05 0.00990003
0.06 0.00989188
0.07 0.00994564
0.08 0.0100074
0.09 0.0101315
0.1 0.0101414
0.11 0.0101398
0.12 0.0101405
0.13 0.0101748
0.14 0.0102142
0.15 0.0102438
0.16 0.0102889
0.17 0.0102247
0.18 0.0101701
0.19 0.0101441
0.2 0.010261
0.21 0.0102735
0.22 0.0102089
0.23 0.0101994
0.24 0.0102215
0.25 0.0102648
0.26 0.0102964
0.27 0.0103196
0.28 0.0103334
0.29 0.0104253
0.3 0.0104758
0.31 0.0103794
0.32 0.0103747
0.33 0.010352
0.34 0.0103572
0.35 0.0103282
0.36 0.0103058
0.37 0.0103227
0.38 0.0103005
0.39 0.010272
0.4 0.0102516
0.41 0.0103039
0.42 0.0102832
0.43 0.0101889
0.44 0.0100393
0.45 0.0100965
0.46 0.0101266
0.47 0.00965077
0.48 0.00966751
0.49 0.0116798
0.5 0.0191243
0.51 0.0118375
0.52 0.00980952
0.53 0.00971788
0.54 0.0101685
0.55 0.0101648
0.56 0.0101167
0.57 0.0102424
0.58 0.0103118
0.59 0.0103579
0.6 0.0103289
0.61 0.0103073
0.62 0.0103019
0.63 0.0103113
0.64 0.0103222
0.65 0.0103384
0.66 0.0103817
0.67 0.0103399
0.68 0.0103478
0.69 0.0103663
0.7 0.0104956
0.71 0.0104921
0.72 0.0103996
0.73 0.010374
0.74 0.0103563
0.75 0.0103786
0.76 0.0103645
0.77 0.0103658
0.78 0.0103506
0.79 0.0104339
0.8 0.0104722
0.81 0.0103665
0.82 0.0103659
0.83 0.0103686
0.84 0.0103849
0.85 0.0103365
0.86 0.010307
0.87 0.0103175
0.88 0.0102784
0.89 0.0102442
0.9 0.0102077
0.91 0.0101891
0.92 0.0101161
0.93 0.0100091
0.94 0.00985731
0.95 0.00987671
0.96 0.00990107
0.97 0.00948382
0.98 0.00952497
0.99 0.0115188
