-1 0.0116198
-0.99 0.00674341
-0.98 0.00582697
-0.97 0.00589326
-0.96 0.00589927
-0.95 0.00609357
-0.94 0.00603676
-0.93 0.00600876
-0.92 0.00605308
-0.91 0.0060361
-0.9 0.00606664
-0.89 0.00603661
-0.88 0.00608466
-0.87 0.00609762
-0.86 0.00604963
-0.85 0.00606644
-0.84 0.00606017
-0.83 0.00605404
-0.82 0.00602424
-0.81 0.0060555
-0.8 0.00614677
-0.79 0.00616605
-0.78 0.006104
-0.77 0.00609018
-0.76 0.00608527
-0.75 0.00601245
-0.74 0.00605711
-0.73 0.00612167
-0.72 0.00610244
-0.71 0.00615163
-0.7 0.00614941
-0.69 0.00608792
-0.68 0.00609846
-0.67 0.00612419
-0.66 0.00612336
-0.65 0.00607971
-0.64 0.00607877
-0.63 0.00607057
-0.62 0.00608378
-0.61 0.00607517
-0.6 0.00607144
-0.59 0.00610747
-0.58 0.00606761
-0.57 0.00602923
-0.56 0.00602689
-0.55 0.00593715
-0.54 0.00572998
-0.53 0.00566198
-0.52 0.00561489
-0.51 0.00671887
-0.5 0.0114102
-0.49 0.00661758
-0.48 0.00567661
-0.47 0.00577857
-0.46 0.00574711
-0.45 0.00594741
-0.44 0.00591748
-0.43 0.00592716
-0.42 0.0060454
-0.41 0.00603225
-0.4 0.00607935
-0.39 0.00608022
-0.38 0.00611616
-0.37 0.00616123
-0.36 0.00616235
-0.35 0.00622304
-0.34 0.00624406
-0.33 0.00622342
-0.32 0.00618539
-0.31 0.00614827
-0.3 0.00619845
-0.29 0.00617985
-0.28 0.00608941
-0.27 0.00605372
-0.26 0.00597958
-0.25 0.00587593
-0.24 0.00587885
-0.23 0.00587457
-0.22 0.00584415
-0.21 0.00589399
-0.2 0.00590794
-0.19 0.00585919
-0.18 0.00588329
-0.17 0.00588657
-0.16 0.00589237
-0.15 0.00589382
-0.14 0.00588929
-0.13 0.00585783
-0.12 0.00581784
-0.11 0.00578953
-0.1 0.00577464
-0.09 0.00579061
-0.08 0.00574456
-0.07 0.00570428
-0.06 0.00577344
-0.05 0.00571959
-0.04 0.00557114
-0.03 0.0055448
-0.02 0.00540834
-0.01 0.00638699
8.88178e-16 0.0109788
0.01 0.00653763
0.02 0.00565588
0.03 0.00567961
0.04 0.00567876
0.05 0.00590541
0.06 0.00591271
0.07 0.00591034
0.08 0.00599825
0.09 0.00600439
0.1 0.00605621
0.11 0.00603561
0.12 0.0060525
0.13 0.00607625
0.14 0.00606352
0.15 0.00609872
0.16 0.00610297
0.17 0.00609398
0.18 0.00608338
0.19 0.00605531
0.2 0.0061022
0.21 0.00610454
0.22 0.00603181
0.23 0.00603588
0.24 0.00603411
0.25 0.00599628
0.26 0.00609149
0.27 0.00614789
0.28 0.00614459
0.29 0.00624894
0.3 0.0062829
0.31 0.00624136
0.32 0.00627781
0.33 0.00631825
0.34 0.00635901
0.35 0.00635228
0.36 0.00636189
0.37 0.00637054
0.38 0.00638202
0.39 0.00637647
0.4 0.0063826
0.41 0.0064541
0.42 0.00643077
0.43 0.00636947
0.44 0.00648357
0.45 0.00644601
0.46 0.00621193
0.47 0.00617836
0.48 0.00611359
0.49 0.00725347
0.5 0.0119234
0.51 0.00695432
0.52 0.00603664
0.53 0.00614601
0.54 0.00615464
0.55 0.00637315
0.56 0.00636241
0.57 0.00635786
0.58 0.00643002
0.59 0.0063982
0.6 0.00639628
0.61 0.00633443
0.62 0.00634608
0.63 0.00633314
0.64 0.00628004
0.65 0.00628053
0.66 0.0062802
0.67 0.00625889
0.68 0.00622295
0.69 0.006184
0.7 0.00626051
0.71 0.00626689
0.72 0.00618504
0.73 0.00621198
0.74 0.00617735
0.75 0.00611273
0.76 0.00619392
0.77 0.00622952
0.78 0.00621146
0.79 0.00628344
0.8 0.00627644
0.81 0.00623777
0.82 0.00625128
0.83 0.00627618
0.84 0.00629873
0.85 0.00627824
0.86 0.00626903
0.87 0.00625414
0.88 0.00622205
0.89 0.00622817
0.9 0.00620765
0.91 0.00622351
0.92 0.00614222
0.93 0.00607797
0.94 0.00613253
0.95 0.00607405
0.96 0.00595136
0.97 0.00590266
0.98 0.00577916
0.99 0.00694782
