-1 0.488789
-0.99 0.465924
-0.98 0.455807
-0.97 0.454836
-0.96 0.452848
-0.95 0.452146
-0.94 0.450027
-0.93 0.445835
-0.92 0.442174
-0.91 0.436979
-0.9 0.430996
-0.89 0.424613
-0.88 0.417227
-0.87 0.409527
-0.86 0.401081
-0.85 0.391781
-0.84 0.381826
-0.83 0.371469
-0.82 0.360311
-0.81 0.348404
-0.8 0.335955
-0.79 0.322697
-0.78 0.308647
-0.77 0.29413
-0.76 0.278987
-0.75 0.262891
-0.74 0.246832
-0.73 0.230154
-0.72 0.212941
-0.71 0.195744
-0.7 0.178424
-0.69 0.161289
-0.68 0.144753
-0.67 0.128916
-0.66 0.113901
-0.65 0.100032
-0.64 0.0873213
-0.63 0.0758746
-0.62 0.0656769
-0.61 0.0569255
-0.6 0.0493987
-0.59 0.0431745
-0.58 0.0380129
-0.57 0.0334173
-0.56 0.030229
-0.55 0.0278045
-0.54 0.0251303
-0.53 0.0231685
-0.52 0.021871
-0.51 0.0231856
-0.5 0.0299737
-0.49 0.0224091
-0.48 0.0197308
-0.47 0.0192828
-0.46 0.0191445
-0.45 0.0194564
-0.44 0.0193466
-0.43 0.019196
-0.42 0.0193015
-0.41 0.0192409
-0.4 0.0192358
-0.39 0.0191948
-0.38 0.0191047
-0.37 0.0191047
-0.36 0.0190734
-0.35 0.0190781
-0.34 0.0190743
-0.33 0.0190916
-0.32 0.0190457
-0.31 0.0190215
-0.3 0.0191148
-0.29 0.0191694
-0.28 0.0190923
-0.27 0.0191643
-0.26 0.0191631
-0.25 0.0190791
-0.24 0.0191754
-0.23 0.0192508
-0.22 0.0192723
-0.21 0.019426
-0.2 0.0194528
-0.19 0.0193802
-0.18 0.019416
-0.17 0.0194187
-0.16 0.0193763
-0.15 0.0193502
-0.14 0.0193561
-0.13 0.019348
-0.12 0.0193447
-0.11 0.0193727
-0.1 0.0194086
-0.09 0.0195256
-0.08 0.0194797
-0.07 0.01939
-0.06 0.019619
-0.05 0.0196269
-0.04 0.0191593
-0.03 0.0190107
-0.02 0.0191059
-0.01 0.0216206
8.88178e-16 0.0294721
0.01 0.0220709
0.02 0.0194135
0.03 0.0191396
0.04 0.0191492
0.05 0.0195317
0.06 0.0195113
0.07 0.0193463
0.08 0.0194891
0.09 0.0194683
0.1 0.0194497
0.11 0.0194543
0.12 0.019402
0.13 0.0194271
0.14 0.0194054
0.15 0.0194214
0.16 0.019414
0.17 0.0194255
0.18 0.0193632
0.19 0.0193047
0.2 0.0194138
0.21 0.0194733
0.22 0.0193712
0.23 0.019433
0.24 0.0194193
0.25 0.0192901
0.26 0.019351
0.27 0.0193884
0.28 0.0193698
0.29 0.0195167
0.3 0.0195423
0.31 0.0194304
0.32 0.0194416
0.33 0.0194193
0.34 0.0193565
0.35 0.0193431
0.36 0.0193547
0.37 0.0193727
0.38 0.0193668
0.39 0.019375
0.4 0.0193777
0.41 0.0194546
0.42 0.0194565
0.43 0.0193876
0.44 0.0196449
0.45 0.019721
0.46 0.0194004
0.47 0.0194336
0.48 0.0195772
0.49 0.0221095
0.5 0.030026
0.51 0.0235388
0.52 0.0222123
0.53 0.0234387
0.54 0.0252397
0.55 0.0283454
0.56 0.0311326
0.57 0.0345456
0.58 0.0392634
0.59 0.0439206
0.6 0.0496535
0.61 0.0563143
0.62 0.0638956
0.63 0.0728208
0.64 0.0825362
0.65 0.0933286
0.66 0.105005
0.67 0.117762
0.68 0.131071
0.69 0.14501
0.7 0.159585
0.71 0.174603
0.72 0.189842
0.73 0.20523
0.74 0.220482
0.75 0.235352
0.76 0.250535
0.77 0.26474
0.78 0.278511
0.79 0.291772
0.8 0.304361
0.81 0.316462
0.82 0.328043
0.83 0.339159
0.84 0.349714
0.85 0.359775
0.86 0.369394
0.87 0.378543
0.88 0.387096
0.89 0.395074
0.9 0.402519
0.91 0.409922
0.92 0.416441
0.93 0.422428
0.94 0.428888
0.95 0.433615
0.96 0.437805
0.97 0.443145
0.98 0.447823
0.99 0.461924
