-1 0.687369
-0.99 0.653762
-0.98 0.63493
-0.97 0.628683
-0.96 0.627795
-0.95 0.623543
-0.94 0.618139
-0.93 0.61249
-0.92 0.605579
-0.91 0.598231
-0.9 0.590074
-0.89 0.581156
-0.88 0.571353
-0.87 0.560857
-0.86 0.549472
-0.85 0.537083
-0.84 0.524332
-0.83 0.510673
-0.82 0.49627
-0.81 0.481279
-0.8 0.465507
-0.79 0.448857
-0.78 0.431465
-0.77 0.41343
-0.76 0.394457
-0.75 0.37515
-0.74 0.354657
-0.73 0.333865
-0.72 0.31255
-0.71 0.290709
-0.7 0.26866
-0.69 0.246533
-0.68 0.224432
-0.67 0.202698
-0.66 0.181596
-0.65 0.161313
-0.64 0.142179
-0.63 0.124354
-0.62 0.108286
-0.61 0.0940425
-0.6 0.0819297
-0.59 0.0715926
-0.58 0.0630923
-0.57 0.0566442
-0.56 0.051267
-0.55 0.0473724
-0.54 0.044446
-0.53 0.0406828
-0.52 0.0388619
-0.51 0.0423199
-0.5 0.0537943
-0.49 0.0410534
-0.48 0.0362059
-0.47 0.0360509
-0.46 0.0370388
-0.45 0.0368377
-0.44 0.036728
-0.43 0.0366798
-0.42 0.0365022
-0.41 0.0365197
-0.4 0.0364854
-0.39 0.036381
-0.38 0.036313
-0.37 0.0362922
-0.36 0.0362574
-0.35 0.0361955
-0.34 0.0361938
-0.33 0.0361974
-0.32 0.0362224
-0.31 0.0362722
-0.3 0.036303
-0.29 0.0362631
-0.28 0.0361755
-0.27 0.0361367
-0.26 0.036089
-0.25 0.0361431
-0.24 0.0360813
-0.23 0.0361475
-0.22 0.0361701
-0.21 0.0361812
-0.2 0.0361619
-0.19 0.0361479
-0.18 0.0360814
-0.17 0.0361028
-0.16 0.0361334
-0.15 0.0361353
-0.14 0.0362112
-0.13 0.0362391
-0.12 0.0362435
-0.11 0.0362924
-0.1 0.0364084
-0.09 0.0363615
-0.08 0.0362709
-0.07 0.0364718
-0.06 0.0363666
-0.05 0.0365211
-0.04 0.036648
-0.03 0.0353856
-0.02 0.0353694
-0.01 0.0398822
8.88178e-16 0.0520719
0.01 0.0400502
0.02 0.0354669
0.03 0.0353475
0.04 0.0363488
0.05 0.0362845
0.06 0.0362962
0.07 0.0363272
0.08 0.0361697
0.09 0.0362113
0.1 0.0362047
0.11 0.0361475
0.12 0.0361537
0.13 0.0362131
0.14 0.0362436
0.15 0.036224
0.16 0.0362467
0.17 0.0362105
0.18 0.0361733
0.19 0.0361657
0.2 0.0361757
0.21 0.0361364
0.22 0.0360849
0.23 0.0360732
0.24 0.036063
0.25 0.036121
0.26 0.0360199
0.27 0.036042
0.28 0.0360306
0.29 0.0360383
0.3 0.036048
0.31 0.0360561
0.32 0.0360346
0.33 0.0360617
0.34 0.0361086
0.35 0.0361093
0.36 0.0361697
0.37 0.0361703
0.38 0.0361683
0.39 0.0362712
0.4 0.036471
0.41 0.0365713
0.42 0.0366223
0.43 0.0369175
0.44 0.0369158
0.45 0.0372225
0.46 0.0374409
0.47 0.0362845
0.48 0.0366254
0.49 0.0416482
0.5 0.0543213
0.51 0.0428321
0.52 0.0395633
0.53 0.041607
0.54 0.045217
0.55 0.0483201
0.56 0.0528005
0.57 0.058641
0.58 0.0657503
0.59 0.0749542
0.6 0.0858966
0.61 0.0984372
0.62 0.1129
0.63 0.129112
0.64 0.146689
0.65 0.165421
0.66 0.185276
0.67 0.205472
0.68 0.22628
0.69 0.247455
0.7 0.268601
0.71 0.289669
0.72 0.310675
0.73 0.331394
0.74 0.351508
0.75 0.371736
0.76 0.391172
0.77 0.410235
0.78 0.428885
0.79 0.446988
0.8 0.464501
0.81 0.481365
0.82 0.497543
0.83 0.513257
0.84 0.528015
0.85 0.542223
0.86 0.555727
0.87 0.568242
0.88 0.579889
0.89 0.590789
0.9 0.600435
0.91 0.608911
0.92 0.616137
0.93 0.62292
0.94 0.628088
0.95 0.632846
0.96 0.635555
0.97 0.634616
0.98 0.639253
0.99 0.656001
