-1 0.523974
-0.99 0.49875
-0.98 0.485391
-0.97 0.48113
-0.96 0.476848
-0.95 0.473946
-0.94 0.471444
-0.93 0.466975
-0.92 0.462716
-0.91 0.457675
-0.9 0.4513
-0.89 0.444805
-0.88 0.43759
-0.87 0.429497
-0.86 0.420518
-0.85 0.410436
-0.84 0.399604
-0.83 0.387949
-0.82 0.375182
-0.81 0.361668
-0.8 0.347524
-0.79 0.332514
-0.78 0.316615
-0.77 0.300358
-0.76 0.283441
-0.75 0.265809
-0.74 0.248004
-0.73 0.229517
-0.72 0.21045
-0.71 0.191259
-0.7 0.171869
-0.69 0.152528
-0.68 0.133993
-0.67 0.116672
-0.66 0.101011
-0.65 0.0875237
-0.64 0.0758817
-0.63 0.0660935
-0.62 0.0579719
-0.61 0.0513261
-0.6 0.0457303
-0.59 0.0412316
-0.58 0.0374242
-0.57 0.0338483
-0.56 0.031312
-0.55 0.0288698
-0.54 0.0263098
-0.53 0.0248887
-0.52 0.0242386
-0.51 0.0261462
-0.5 0.033323
-0.49 0.0256773
-0.48 0.0226271
-0.47 0.0219097
-0.46 0.0216533
-0.45 0.0218322
-0.44 0.0218851
-0.43 0.0217068
-0.42 0.021866
-0.41 0.021822
-0.4 0.0217189
-0.39 0.0217568
-0.38 0.0217521
-0.37 0.0217622
-0.36 0.0217685
-0.35 0.0217859
-0.34 0.0218198
-0.33 0.0218292
-0.32 0.0218308
-0.31 0.0218232
-0.3 0.0219788
-0.29 0.021992
-0.28 0.0218169
-0.27 0.0217922
-0.26 0.0217246
-0.25 0.0216589
-0.24 0.0216461
-0.23 0.0216605
-0.22 0.0216166
-0.21 0.0217534
-0.2 0.0217931
-0.19 0.0216475
-0.18 0.0216536
-0.17 0.0217037
-0.16 0.0216742
-0.15 0.0216511
-0.14 0.0216442
-0.13 0.0216491
-0.12 0.0216181
-0.11 0.0216076
-0.1 0.0216485
-0.09 0.0217043
-0.08 0.0216992
-0.07 0.0215836
-0.06 0.0217509
-0.05 0.0215624
-0.04 0.0211603
-0.03 0.0213479
-0.02 0.0218585
-0.01 0.0248055
8.88178e-16 0.0330079
0.01 0.0253393
0.02 0.0221909
0.03 0.0215392
0.04 0.0213124
0.05 0.0214852
0.06 0.0215652
0.07 0.0213721
0.08 0.0215439
0.09 0.0215428
0.1 0.0214289
0.11 0.0214563
0.12 0.0214525
0.13 0.0214619
0.14 0.0214578
0.15 0.0214321
0.16 0.0214232
0.17 0.0214268
0.18 0.0214383
0.19 0.021428
0.2 0.0215976
0.21 0.0216095
0.22 0.0214463
0.23 0.0214252
0.24 0.0213697
0.25 0.0213485
0.26 0.0213957
0.27 0.0214394
0.28 0.0214181
0.29 0.0215868
0.3 0.0216316
0.31 0.0214815
0.32 0.0214853
0.33 0.0215276
0.34 0.0215159
0.35 0.0215087
0.36 0.02148
0.37 0.021511
0.38 0.0214892
0.39 0.0215009
0.4 0.0215284
0.41 0.0215525
0.42 0.0216027
0.43 0.0215728
0.44 0.0218488
0.45 0.021789
0.46 0.0215262
0.47 0.0219017
0.48 0.0226044
0.49 0.0257213
0.5 0.0340015
0.51 0.0272142
0.52 0.025343
0.53 0.0262006
0.54 0.0275161
0.55 0.0297951
0.56 0.0324876
0.57 0.0355438
0.58 0.0399599
0.59 0.0447235
0.6 0.0506055
0.61 0.0580331
0.62 0.0665278
0.63 0.076319
0.64 0.0872792
0.65 0.0993181
0.66 0.112601
0.67 0.126873
0.68 0.141932
0.69 0.157863
0.7 0.174525
0.71 0.191541
0.72 0.208777
0.73 0.226561
0.74 0.244432
0.75 0.262054
0.76 0.280066
0.77 0.29802
0.78 0.315624
0.79 0.332793
0.8 0.349045
0.81 0.36424
0.82 0.37865
0.83 0.392066
0.84 0.404231
0.85 0.415467
0.86 0.4257
0.87 0.434842
0.88 0.44299
0.89 0.450112
0.9 0.456333
0.91 0.462224
0.92 0.466747
0.93 0.470742
0.94 0.474833
0.95 0.476748
0.96 0.478896
0.97 0.482657
0.98 0.486321
0.99 0.499266
