-1 0.724137
-0.99 0.690736
-0.98 0.671723
-0.97 0.664769
-0.96 0.662837
-0.95 0.65772
-0.94 0.650762
-0.93 0.643104
-0.92 0.633977
-0.91 0.624173
-0.9 0.612954
-0.89 0.600582
-0.88 0.587351
-0.87 0.573177
-0.86 0.557982
-0.85 0.542173
-0.84 0.525763
-0.83 0.508641
-0.82 0.490957
-0.81 0.472775
-0.8 0.454281
-0.79 0.435202
-0.78 0.415705
-0.77 0.39581
-0.76 0.375551
-0.75 0.35513
-0.74 0.334135
-0.73 0.312908
-0.72 0.29168
-0.71 0.270391
-0.7 0.249012
-0.69 0.227637
-0.68 0.206718
-0.67 0.186439
-0.66 0.167272
-0.65 0.149318
-0.64 0.132559
-0.63 0.117401
-0.62 0.103887
-0.61 0.09183
-0.6 0.0815952
-0.59 0.0730361
-0.58 0.0658584
-0.57 0.0601131
-0.56 0.0555732
-0.55 0.052082
-0.54 0.0492136
-0.53 0.0461682
-0.52 0.045108
-0.51 0.049105
-0.5 0.0613384
-0.49 0.048171
-0.48 0.0424137
-0.47 0.0412523
-0.46 0.0417996
-0.45 0.0415909
-0.44 0.0414895
-0.43 0.0416117
-0.42 0.0415916
-0.41 0.0416478
-0.4 0.0416291
-0.39 0.0415637
-0.38 0.0415256
-0.37 0.0415395
-0.36 0.0415431
-0.35 0.0415539
-0.34 0.0415798
-0.33 0.0415425
-0.32 0.0415863
-0.31 0.041596
-0.3 0.0416803
-0.29 0.0416525
-0.28 0.0415641
-0.27 0.0415855
-0.26 0.041595
-0.25 0.0416477
-0.24 0.0415554
-0.23 0.0415208
-0.22 0.0415031
-0.21 0.0416177
-0.2 0.0416891
-0.19 0.0416116
-0.18 0.0415921
-0.17 0.0415999
-0.16 0.0417062
-0.15 0.0416885
-0.14 0.0417102
-0.13 0.0417221
-0.12 0.0416603
-0.11 0.0416239
-0.1 0.0416572
-0.09 0.0417128
-0.08 0.0417448
-0.07 0.0417097
-0.06 0.0416327
-0.05 0.0417499
-0.04 0.0416494
-0.03 0.040651
-0.02 0.0412127
-0.01 0.0465274
8.88178e-16 0.0599433
0.01 0.0472529
0.02 0.0417305
0.03 0.0406938
0.04 0.0413872
0.05 0.0413575
0.06 0.041271
0.07 0.0413377
0.08 0.0412822
0.09 0.0413393
0.1 0.0413099
0.11 0.0412328
0.12 0.0411872
0.13 0.0411688
0.14 0.0411256
0.15 0.0411085
0.16 0.0410771
0.17 0.0409645
0.18 0.0409848
0.19 0.0409455
0.2 0.0409972
0.21 0.0409499
0.22 0.0408352
0.23 0.0408213
0.24 0.0408361
0.25 0.0409323
0.26 0.0408261
0.27 0.0407661
0.28 0.0407746
0.29 0.0409217
0.3 0.04097
0.31 0.0408285
0.32 0.0407382
0.33 0.0407201
0.34 0.0408578
0.35 0.0408434
0.36 0.0408963
0.37 0.040951
0.38 0.0409363
0.39 0.0409428
0.4 0.040981
0.41 0.0410532
0.42 0.0411014
0.43 0.0411109
0.44 0.0411197
0.45 0.0413981
0.46 0.0415317
0.47 0.040855
0.48 0.0418959
0.49 0.047674
0.5 0.061294
0.51 0.0496676
0.52 0.0458861
0.53 0.0471656
0.54 0.0503614
0.55 0.0531542
0.56 0.0567372
0.57 0.0613543
0.58 0.0669073
0.59 0.0738388
0.6 0.0820355
0.61 0.0918717
0.62 0.103558
0.63 0.116692
0.64 0.131509
0.65 0.148081
0.66 0.165909
0.67 0.184993
0.68 0.205602
0.69 0.227178
0.7 0.249467
0.71 0.272028
0.72 0.294736
0.73 0.317468
0.74 0.339901
0.75 0.362216
0.76 0.383513
0.77 0.404401
0.78 0.424627
0.79 0.444206
0.8 0.462912
0.81 0.480763
0.82 0.498009
0.83 0.514763
0.84 0.530635
0.85 0.545791
0.86 0.560503
0.87 0.574608
0.88 0.587634
0.89 0.599816
0.9 0.611168
0.91 0.621525
0.92 0.630732
0.93 0.639538
0.94 0.647004
0.95 0.653665
0.96 0.658552
0.97 0.661147
0.98 0.669264
0.99 0.689527
