-1 0.407196
-0.99 0.38772
-0.98 0.37712
-0.97 0.374716
-0.96 0.374294
-0.95 0.370304
-0.94 0.36716
-0.93 0.365322
-0.92 0.361486
-0.91 0.358056
-0.9 0.355014
-0.89 0.3513
-0.88 0.347087
-0.87 0.342916
-0.86 0.338382
-0.85 0.33357
-0.84 0.328614
-0.83 0.323075
-0.82 0.316984
-0.81 0.310672
-0.8 0.303811
-0.79 0.296315
-0.78 0.288276
-0.77 0.279584
-0.76 0.270327
-0.75 0.260194
-0.74 0.249432
-0.73 0.237788
-0.72 0.225553
-0.71 0.212257
-0.7 0.198155
-0.69 0.1831
-0.68 0.166877
-0.67 0.149785
-0.66 0.132126
-0.65 0.114232
-0.64 0.0967485
-0.63 0.0798728
-0.62 0.0646271
-0.61 0.0512766
-0.6 0.0396226
-0.59 0.0302233
-0.58 0.0230452
-0.57 0.0177606
-0.56 0.0138312
-0.55 0.011313
-0.54 0.0097759
-0.53 0.00839194
-0.52 0.00751058
-0.51 0.00768778
-0.5 0.0107235
-0.49 0.0073636
-0.48 0.00644737
-0.47 0.00626393
-0.46 0.00631279
-0.45 0.00623525
-0.44 0.00625044
-0.43 0.00629556
-0.42 0.00616574
-0.41 0.00624713
-0.4 0.00629305
-0.39 0.00626201
-0.38 0.00628147
-0.37 0.00630404
-0.36 0.00634487
-0.35 0.00639537
-0.34 0.00642247
-0.33 0.00643285
-0.32 0.00643621
-0.31 0.00642871
-0.3 0.00646866
-0.29 0.00644987
-0.28 0.00640439
-0.27 0.006406
-0.26 0.00640923
-0.25 0.00638806
-0.24 0.00641183
-0.23 0.00640387
-0.22 0.00642567
-0.21 0.00644391
-0.2 0.00645222
-0.19 0.00642913
-0.18 0.00640023
-0.17 0.00638633
-0.16 0.00638067
-0.15 0.00638129
-0.14 0.00639243
-0.13 0.00639112
-0.12 0.00636603
-0.11 0.0063957
-0.1 0.00640873
-0.09 0.00638797
-0.08 0.00638604
-0.07 0.00646924
-0.06 0.00633081
-0.05 0.00637822
-0.04 0.00663948
-0.03 0.00651058
-0.02 0.00635036
-0.01 0.00717615
8.88178e-16 0.011279
0.01 0.00793679
0.02 0.0067508
0.03 0.00644915
0.04 0.00660244
0.05 0.0065859
0.06 0.00655209
0.07 0.00657176
0.08 0.00647076
0.09 0.00655133
0.1 0.00658408
0.11 0.00652666
0.12 0.00651914
0.13 0.00651841
0.14 0.00651313
0.15 0.00652098
0.16 0.00650986
0.17 0.00647662
0.18 0.00644125
0.19 0.00642271
0.2 0.00645511
0.21 0.00643318
0.22 0.00637234
0.23 0.00634539
0.24 0.00632149
0.25 0.00628235
0.26 0.00628344
0.27 0.00627632
0.28 0.00627767
0.29 0.00627732
0.3 0.00628692
0.31 0.0062508
0.32 0.006224
0.33 0.00619637
0.34 0.00620037
0.35 0.00618679
0.36 0.00620087
0.37 0.00618673
0.38 0.00615934
0.39 0.00618292
0.4 0.0061759
0.41 0.00611864
0.42 0.0061112
0.43 0.0062448
0.44 0.00615101
0.45 0.00625835
0.46 0.00657196
0.47 0.00644747
0.48 0.00635669
0.49 0.00720074
0.5 0.0109443
0.51 0.00829961
0.52 0.00817414
0.53 0.00894185
0.54 0.00965816
0.55 0.0111746
0.56 0.014429
0.57 0.0186884
0.58 0.0239496
0.59 0.0320301
0.6 0.0426096
0.61 0.054602
0.62 0.0685913
0.63 0.0844761
0.64 0.101233
0.65 0.118805
0.66 0.136604
0.67 0.154295
0.68 0.171541
0.69 0.188261
0.7 0.204261
0.71 0.219688
0.72 0.234787
0.73 0.249279
0.74 0.263204
0.75 0.27645
0.76 0.289106
0.77 0.300913
0.78 0.312023
0.79 0.32196
0.8 0.331133
0.81 0.339468
0.82 0.346769
0.83 0.353332
0.84 0.359471
0.85 0.364828
0.86 0.369702
0.87 0.373895
0.88 0.377494
0.89 0.380755
0.9 0.382852
0.91 0.384729
0.92 0.386333
0.93 0.387305
0.94 0.386475
0.95 0.387145
0.96 0.387906
0.97 0.384748
0.98 0.384095
0.99 0.391296
