-1 0.685596
-0.99 0.652334
-0.98 0.631572
-0.97 0.621223
-0.96 0.615592
-0.95 0.607616
-0.94 0.598265
-0.93 0.588391
-0.92 0.577126
-0.91 0.565712
-0.9 0.553331
-0.89 0.540058
-0.88 0.525914
-0.87 0.51165
-0.86 0.49659
-0.85 0.480979
-0.84 0.465147
-0.83 0.448831
-0.82 0.432148
-0.81 0.415261
-0.8 0.398071
-0.79 0.380411
-0.78 0.362318
-0.77 0.344019
-0.76 0.325471
-0.75 0.306598
-0.74 0.28716
-0.73 0.267482
-0.72 0.247554
-0.71 0.227675
-0.7 0.207887
-0.69 0.188207
-0.68 0.169113
-0.67 0.150776
-0.66 0.133746
-0.65 0.118056
-0.64 0.10376
-0.63 0.0912133
-0.62 0.0804282
-0.61 0.071306
-0.6 0.0637096
-0.59 0.0573873
-0.58 0.0521485
-0.57 0.048126
-0.56 0.0446756
-0.55 0.0420818
-0.54 0.0399877
-0.53 0.0373622
-0.52 0.0364658
-0.51 0.0399258
-0.5 0.0503886
-0.49 0.0390376
-0.48 0.0343156
-0.47 0.0335761
-0.46 0.0342389
-0.45 0.0341564
-0.44 0.0340659
-0.43 0.0341318
-0.42 0.0339445
-0.41 0.0340193
-0.4 0.0340235
-0.39 0.0339111
-0.38 0.0338751
-0.37 0.0338743
-0.36 0.0338287
-0.35 0.0338369
-0.34 0.0338456
-0.33 0.0338065
-0.32 0.0338012
-0.31 0.0338082
-0.3 0.033889
-0.29 0.0339238
-0.28 0.0338806
-0.27 0.0339444
-0.26 0.0340433
-0.25 0.0341215
-0.24 0.0341447
-0.23 0.0341842
-0.22 0.0342096
-0.21 0.0342579
-0.2 0.0342874
-0.19 0.0341816
-0.18 0.0341498
-0.17 0.0341392
-0.16 0.0342268
-0.15 0.0342204
-0.14 0.0342649
-0.13 0.0342382
-0.12 0.0341999
-0.11 0.0342374
-0.1 0.0342281
-0.09 0.0341819
-0.08 0.0341095
-0.07 0.0342124
-0.06 0.0341071
-0.05 0.0341977
-0.04 0.0341632
-0.03 0.0331827
-0.02 0.0336703
-0.01 0.0382741
8.88178e-16 0.0497162
0.01 0.0386007
0.02 0.0340647
0.03 0.0335121
0.04 0.0342997
0.05 0.0342254
0.06 0.034129
0.07 0.0342341
0.08 0.0341116
0.09 0.0342217
0.1 0.0342164
0.11 0.0341038
0.12 0.0340666
0.13 0.034072
0.14 0.0340052
0.15 0.0340158
0.16 0.0340111
0.17 0.0339327
0.18 0.0338678
0.19 0.0338167
0.2 0.0338664
0.21 0.0338929
0.22 0.0338141
0.23 0.0338303
0.24 0.0338948
0.25 0.0339473
0.26 0.0339476
0.27 0.0339864
0.28 0.0339769
0.29 0.0340236
0.3 0.0340499
0.31 0.0339707
0.32 0.0339557
0.33 0.0339496
0.34 0.0340066
0.35 0.0339717
0.36 0.034008
0.37 0.0340055
0.38 0.034044
0.39 0.0341469
0.4 0.034214
0.41 0.0342166
0.42 0.0341905
0.43 0.0343269
0.44 0.0342511
0.45 0.0344674
0.46 0.0346108
0.47 0.0337805
0.48 0.0345255
0.49 0.0394116
0.5 0.0509837
0.51 0.0409239
0.52 0.03802
0.53 0.0395802
0.54 0.042788
0.55 0.0455036
0.56 0.048765
0.57 0.0528284
0.58 0.0574372
0.59 0.0633795
0.6 0.0704734
0.61 0.0787187
0.62 0.0884916
0.63 0.0996056
0.64 0.112126
0.65 0.126115
0.66 0.141179
0.67 0.157484
0.68 0.175046
0.69 0.193337
0.7 0.212424
0.71 0.232159
0.72 0.252414
0.73 0.272985
0.74 0.293795
0.75 0.31469
0.76 0.335141
0.77 0.355822
0.78 0.376338
0.79 0.396606
0.8 0.416572
0.81 0.436012
0.82 0.455301
0.83 0.474141
0.84 0.492192
0.85 0.509804
0.86 0.526872
0.87 0.542826
0.88 0.558003
0.89 0.572216
0.9 0.584688
0.91 0.596003
0.92 0.605916
0.93 0.615043
0.94 0.622081
0.95 0.628188
0.96 0.632457
0.97 0.634038
0.98 0.640416
0.99 0.656934
