-1 0.569492
-0.99 0.539657
-0.98 0.523503
-0.97 0.518557
-0.96 0.519095
-0.95 0.517215
-0.94 0.51387
-0.93 0.510121
-0.92 0.504915
-0.91 0.499293
-0.9 0.492979
-0.89 0.485292
-0.88 0.476531
-0.87 0.467234
-0.86 0.456807
-0.85 0.445614
-0.84 0.43376
-0.83 0.420703
-0.82 0.406746
-0.81 0.392308
-0.8 0.377024
-0.79 0.360984
-0.78 0.344322
-0.77 0.327287
-0.76 0.309701
-0.75 0.292117
-0.74 0.273729
-0.73 0.255245
-0.72 0.236555
-0.71 0.218088
-0.7 0.199808
-0.69 0.181736
-0.68 0.16438
-0.67 0.147682
-0.66 0.131892
-0.65 0.117102
-0.64 0.10348
-0.63 0.0909937
-0.62 0.0800245
-0.61 0.0705425
-0.6 0.0622558
-0.59 0.0550044
-0.58 0.0491381
-0.57 0.0446206
-0.56 0.0404586
-0.55 0.0374051
-0.54 0.0351128
-0.53 0.0322395
-0.52 0.0306332
-0.51 0.0329759
-0.5 0.0423163
-0.49 0.0319021
-0.48 0.0280149
-0.47 0.0276244
-0.46 0.0281521
-0.45 0.027882
-0.44 0.0278115
-0.43 0.0280233
-0.42 0.0278944
-0.41 0.0279615
-0.4 0.0280648
-0.39 0.0280255
-0.38 0.02811
-0.37 0.0282296
-0.36 0.0282634
-0.35 0.0283074
-0.34 0.0283762
-0.33 0.0283363
-0.32 0.0283093
-0.31 0.0283183
-0.3 0.0283767
-0.29 0.0283362
-0.28 0.0282441
-0.27 0.0282401
-0.26 0.0281657
-0.25 0.0282259
-0.24 0.0281474
-0.23 0.0281277
-0.22 0.028091
-0.21 0.0281577
-0.2 0.0281316
-0.19 0.0279853
-0.18 0.0279852
-0.17 0.0279642
-0.16 0.0279166
-0.15 0.027875
-0.14 0.0279318
-0.13 0.0278882
-0.12 0.027831
-0.11 0.0278525
-0.1 0.0278391
-0.09 0.0277597
-0.08 0.0277654
-0.07 0.0279663
-0.06 0.0277249
-0.05 0.0277711
-0.04 0.0279105
-0.03 0.0271919
-0.02 0.0274304
-0.01 0.0312316
8.88178e-16 0.0417707
0.01 0.0315301
0.02 0.0277469
0.03 0.0274205
0.04 0.0279939
0.05 0.0277884
0.06 0.0277252
0.07 0.0278747
0.08 0.0277415
0.09 0.0278306
0.1 0.0279114
0.11 0.0278183
0.12 0.0278729
0.13 0.0279585
0.14 0.0279461
0.15 0.0279265
0.16 0.0279385
0.17 0.0278845
0.18 0.0278679
0.19 0.0278785
0.2 0.0279315
0.21 0.027885
0.22 0.0277479
0.23 0.0277204
0.24 0.0276591
0.25 0.0277229
0.26 0.0276578
0.27 0.0276557
0.28 0.027656
0.29 0.0277506
0.3 0.0277371
0.31 0.0275929
0.32 0.0275997
0.33 0.0276072
0.34 0.0275889
0.35 0.0275166
0.36 0.0275397
0.37 0.0274844
0.38 0.0274444
0.39 0.0275137
0.4 0.027498
0.41 0.0273783
0.42 0.0273783
0.43 0.0275813
0.44 0.0273764
0.45 0.0275737
0.46 0.0279405
0.47 0.0274281
0.48 0.0279334
0.49 0.0320525
0.5 0.0427811
0.51 0.033261
0.52 0.0307568
0.53 0.0322741
0.54 0.0349885
0.55 0.0372358
0.56 0.0402029
0.57 0.04382
0.58 0.0477127
0.59 0.0528364
0.6 0.0589044
0.61 0.0655242
0.62 0.0736558
0.63 0.0829791
0.64 0.0931182
0.65 0.104309
0.66 0.116665
0.67 0.129411
0.68 0.143056
0.69 0.157378
0.7 0.1723
0.71 0.187669
0.72 0.203528
0.73 0.219755
0.74 0.236224
0.75 0.253397
0.76 0.270253
0.77 0.287705
0.78 0.30495
0.79 0.322072
0.8 0.338763
0.81 0.354925
0.82 0.370729
0.83 0.386195
0.84 0.40078
0.85 0.41444
0.86 0.427599
0.87 0.439842
0.88 0.451144
0.89 0.461897
0.9 0.471253
0.91 0.479605
0.92 0.487666
0.93 0.494967
0.94 0.500311
0.95 0.505655
0.96 0.509932
0.97 0.511729
0.98 0.519051
0.99 0.53742
