-1 0.58007
-0.99 0.547585
-0.98 0.528224
-0.97 0.519531
-0.96 0.512954
-0.95 0.506781
-0.94 0.501116
-0.93 0.493875
-0.92 0.486393
-0.91 0.478818
-0.9 0.469925
-0.89 0.461037
-0.88 0.451499
-0.87 0.441304
-0.86 0.430708
-0.85 0.419635
-0.84 0.407717
-0.83 0.395415
-0.82 0.382591
-0.81 0.369172
-0.8 0.355351
-0.79 0.340928
-0.78 0.325937
-0.77 0.310507
-0.76 0.294708
-0.75 0.278328
-0.74 0.261094
-0.73 0.243487
-0.72 0.225678
-0.71 0.207723
-0.7 0.189542
-0.69 0.171118
-0.68 0.153095
-0.67 0.13562
-0.66 0.118899
-0.65 0.103368
-0.64 0.0891868
-0.63 0.0767082
-0.62 0.0661591
-0.61 0.05724
-0.6 0.0499187
-0.59 0.0443985
-0.58 0.0397339
-0.57 0.0358561
-0.56 0.0328494
-0.55 0.0302371
-0.54 0.0283202
-0.53 0.0267974
-0.52 0.0257314
-0.51 0.0278104
-0.5 0.0358724
-0.49 0.0271592
-0.48 0.0237399
-0.47 0.0232991
-0.46 0.0232824
-0.45 0.0232124
-0.44 0.0233018
-0.43 0.0231856
-0.42 0.0232226
-0.41 0.0232329
-0.4 0.0230571
-0.39 0.0231238
-0.38 0.0231178
-0.37 0.0230841
-0.36 0.0231002
-0.35 0.0231249
-0.34 0.0230862
-0.33 0.0230778
-0.32 0.0230746
-0.31 0.0230201
-0.3 0.0231
-0.29 0.0230653
-0.28 0.0229208
-0.27 0.0228685
-0.26 0.022844
-0.25 0.0228133
-0.24 0.0228091
-0.23 0.0227906
-0.22 0.0227966
-0.21 0.0229597
-0.2 0.0230191
-0.19 0.0229222
-0.18 0.0229483
-0.17 0.0229599
-0.16 0.0229693
-0.15 0.0229883
-0.14 0.0230192
-0.13 0.0230457
-0.12 0.0231004
-0.11 0.023093
-0.1 0.023091
-0.09 0.0233423
-0.08 0.0232924
-0.07 0.023193
-0.06 0.0232664
-0.05 0.0231617
-0.04 0.0231163
-0.03 0.0231611
-0.02 0.0234489
-0.01 0.0264945
8.88178e-16 0.0354272
0.01 0.0268052
0.02 0.0233777
0.03 0.0229764
0.04 0.0230111
0.05 0.0229541
0.06 0.0230481
0.07 0.0229412
0.08 0.0229648
0.09 0.0229669
0.1 0.0227315
0.11 0.0227586
0.12 0.0227506
0.13 0.0227116
0.14 0.0227613
0.15 0.0228007
0.16 0.0227572
0.17 0.0227966
0.18 0.0228289
0.19 0.0227996
0.2 0.0228836
0.21 0.0228566
0.22 0.0227326
0.23 0.0227046
0.24 0.022662
0.25 0.0226075
0.26 0.022604
0.27 0.0225556
0.28 0.0225442
0.29 0.0226793
0.3 0.0227387
0.31 0.0226658
0.32 0.0227246
0.33 0.0227797
0.34 0.022786
0.35 0.0228136
0.36 0.0228619
0.37 0.022883
0.38 0.0228868
0.39 0.0228558
0.4 0.022817
0.41 0.0230119
0.42 0.0229879
0.43 0.0229117
0.44 0.0230254
0.45 0.0231032
0.46 0.0232123
0.47 0.0233839
0.48 0.0239504
0.49 0.0272708
0.5 0.0362687
0.51 0.0283527
0.52 0.0261481
0.53 0.0272947
0.54 0.0290748
0.55 0.0314978
0.56 0.0346734
0.57 0.0381467
0.58 0.043209
0.59 0.0493352
0.6 0.0563789
0.61 0.0653511
0.62 0.0757294
0.63 0.0871857
0.64 0.10006
0.65 0.11423
0.66 0.129349
0.67 0.145615
0.68 0.162953
0.69 0.181247
0.7 0.200565
0.71 0.220561
0.72 0.241234
0.73 0.262607
0.74 0.284607
0.75 0.307072
0.76 0.329834
0.77 0.352472
0.78 0.374837
0.79 0.396647
0.8 0.417411
0.81 0.43678
0.82 0.455053
0.83 0.471929
0.84 0.487202
0.85 0.500934
0.86 0.512917
0.87 0.52323
0.88 0.531685
0.89 0.538474
0.9 0.543733
0.91 0.547796
0.92 0.549717
0.93 0.550765
0.94 0.550605
0.95 0.54897
0.96 0.547353
0.97 0.545346
0.98 0.545648
0.99 0.556476
