-1 0.667236
-0.99 0.633051
-0.98 0.612472
-0.97 0.603016
-0.96 0.597277
-0.95 0.588462
-0.94 0.57915
-0.93 0.569506
-0.92 0.558423
-0.91 0.547301
-0.9 0.53528
-0.89 0.522715
-0.88 0.50953
-0.87 0.49612
-0.86 0.482143
-0.85 0.467699
-0.84 0.453143
-0.83 0.438097
-0.82 0.422701
-0.81 0.407098
-0.8 0.391374
-0.79 0.375136
-0.78 0.358643
-0.77 0.341959
-0.76 0.325295
-0.75 0.308375
-0.74 0.291103
-0.73 0.273791
-0.72 0.256318
-0.71 0.238872
-0.7 0.221425
-0.69 0.203988
-0.68 0.186705
-0.67 0.169836
-0.66 0.153436
-0.65 0.137756
-0.64 0.122943
-0.63 0.109225
-0.62 0.0968616
-0.61 0.0858206
-0.6 0.0761395
-0.59 0.0679311
-0.58 0.060743
-0.57 0.0548028
-0.56 0.0500739
-0.55 0.0460763
-0.54 0.0430133
-0.53 0.0399391
-0.52 0.0381363
-0.51 0.0413441
-0.5 0.0524666
-0.49 0.0404269
-0.48 0.0354983
-0.47 0.0349139
-0.46 0.0355934
-0.45 0.0353519
-0.44 0.0352587
-0.43 0.0352882
-0.42 0.0351141
-0.41 0.03522
-0.4 0.0352085
-0.39 0.0351979
-0.38 0.0352308
-0.37 0.0352487
-0.36 0.0351789
-0.35 0.0351821
-0.34 0.0352349
-0.33 0.035179
-0.32 0.035138
-0.31 0.0351328
-0.3 0.0352098
-0.29 0.0351684
-0.28 0.0350946
-0.27 0.0350951
-0.26 0.0351149
-0.25 0.0351409
-0.24 0.0350292
-0.23 0.0349692
-0.22 0.0349178
-0.21 0.0349452
-0.2 0.0349634
-0.19 0.0349197
-0.18 0.034962
-0.17 0.0350266
-0.16 0.0350185
-0.15 0.035023
-0.14 0.0351343
-0.13 0.0351914
-0.12 0.0352116
-0.11 0.0353052
-0.1 0.0353563
-0.09 0.0354038
-0.08 0.0354264
-0.07 0.0354519
-0.06 0.0354686
-0.05 0.0355497
-0.04 0.035545
-0.03 0.0348271
-0.02 0.0350464
-0.01 0.039687
8.88178e-16 0.0519932
0.01 0.0403873
0.02 0.0355664
0.03 0.0351557
0.04 0.0360176
0.05 0.0358084
0.06 0.0356851
0.07 0.0357142
0.08 0.035531
0.09 0.0356188
0.1 0.0355885
0.11 0.0355638
0.12 0.035596
0.13 0.0356062
0.14 0.0355071
0.15 0.0355108
0.16 0.0355081
0.17 0.0354164
0.18 0.0353429
0.19 0.0352918
0.2 0.0353519
0.21 0.0353307
0.22 0.035261
0.23 0.0352669
0.24 0.035333
0.25 0.0354336
0.26 0.0353782
0.27 0.0353347
0.28 0.0352542
0.29 0.0352723
0.3 0.0352531
0.31 0.0351462
0.32 0.0350939
0.33 0.0350939
0.34 0.0350834
0.35 0.0351152
0.36 0.0351969
0.37 0.0352234
0.38 0.0352373
0.39 0.0353072
0.4 0.0353275
0.41 0.0353399
0.42 0.0353584
0.43 0.035423
0.44 0.0355568
0.45 0.0357263
0.46 0.0358173
0.47 0.0352629
0.48 0.0357042
0.49 0.040441
0.5 0.0525469
0.51 0.0418666
0.52 0.0385771
0.53 0.0399933
0.54 0.0428458
0.55 0.0453226
0.56 0.0487802
0.57 0.0531779
0.58 0.0586607
0.59 0.0660697
0.6 0.0751361
0.61 0.0859505
0.62 0.0987247
0.63 0.113136
0.64 0.129078
0.65 0.146234
0.66 0.164489
0.67 0.183168
0.68 0.202667
0.69 0.222599
0.7 0.242792
0.71 0.263022
0.72 0.283386
0.73 0.303618
0.74 0.323589
0.75 0.343301
0.76 0.36274
0.77 0.381942
0.78 0.400624
0.79 0.418972
0.8 0.436716
0.81 0.453747
0.82 0.470421
0.83 0.486665
0.84 0.501963
0.85 0.516564
0.86 0.530543
0.87 0.543536
0.88 0.555811
0.89 0.56717
0.9 0.577338
0.91 0.586797
0.92 0.594956
0.93 0.602247
0.94 0.608148
0.95 0.613013
0.96 0.616568
0.97 0.617437
0.98 0.622016
0.99 0.637964
