-1 0.512451
-0.99 0.486033
-0.98 0.472508
-0.97 0.470222
-0.96 0.471657
-0.95 0.470341
-0.94 0.468414
-0.93 0.46617
-0.92 0.463167
-0.91 0.459854
-0.9 0.456201
-0.89 0.451645
-0.88 0.446372
-0.87 0.440522
-0.86 0.434076
-0.85 0.426877
-0.84 0.418994
-0.83 0.41044
-0.82 0.401092
-0.81 0.391201
-0.8 0.38045
-0.79 0.368828
-0.78 0.356367
-0.77 0.343216
-0.76 0.329008
-0.75 0.314108
-0.74 0.298539
-0.73 0.28233
-0.72 0.265322
-0.71 0.247577
-0.7 0.229365
-0.69 0.210904
-0.68 0.192129
-0.67 0.173203
-0.66 0.154412
-0.65 0.136085
-0.64 0.118704
-0.63 0.102554
-0.62 0.0880821
-0.61 0.0751939
-0.6 0.0642463
-0.59 0.0553453
-0.58 0.0478934
-0.57 0.0420553
-0.56 0.037863
-0.55 0.0348259
-0.54 0.0327464
-0.53 0.0302933
-0.52 0.028945
-0.51 0.0316514
-0.5 0.0410243
-0.49 0.0313219
-0.48 0.0275742
-0.47 0.0273233
-0.46 0.0278314
-0.45 0.0276292
-0.44 0.0276307
-0.43 0.0276234
-0.42 0.0275102
-0.41 0.027472
-0.4 0.0274543
-0.39 0.027384
-0.38 0.0273317
-0.37 0.027282
-0.36 0.027227
-0.35 0.0271701
-0.34 0.0271603
-0.33 0.027101
-0.32 0.0270039
-0.31 0.0270015
-0.3 0.0270876
-0.29 0.0270489
-0.28 0.0269666
-0.27 0.0269898
-0.26 0.0269362
-0.25 0.0269335
-0.24 0.0268931
-0.23 0.026907
-0.22 0.0268621
-0.21 0.0268738
-0.2 0.0268697
-0.19 0.0268547
-0.18 0.0268924
-0.17 0.0269173
-0.16 0.0269573
-0.15 0.0269598
-0.14 0.0269074
-0.13 0.0269343
-0.12 0.02694
-0.11 0.0268923
-0.1 0.0269182
-0.09 0.0269897
-0.08 0.026929
-0.07 0.0268354
-0.06 0.0268874
-0.05 0.0269623
-0.04 0.0271592
-0.03 0.0264709
-0.02 0.0264017
-0.01 0.0299084
8.88178e-16 0.0396166
0.01 0.0300472
0.02 0.0264916
0.03 0.0264378
0.04 0.0270334
0.05 0.026794
0.06 0.0267812
0.07 0.0268068
0.08 0.0267282
0.09 0.026704
0.1 0.0266841
0.11 0.0266036
0.12 0.0266118
0.13 0.0265979
0.14 0.02662
0.15 0.0266319
0.16 0.0266904
0.17 0.0266787
0.18 0.0266675
0.19 0.0267059
0.2 0.0268172
0.21 0.0268309
0.22 0.0267723
0.23 0.026809
0.24 0.0267828
0.25 0.0268497
0.26 0.0268492
0.27 0.0269291
0.28 0.0269523
0.29 0.0270236
0.3 0.0270684
0.31 0.0270629
0.32 0.0270577
0.33 0.0270597
0.34 0.0270935
0.35 0.0271168
0.36 0.0270873
0.37 0.0271029
0.38 0.0271155
0.39 0.0270675
0.4 0.0271105
0.41 0.0272549
0.42 0.0272835
0.43 0.0272583
0.44 0.0274049
0.45 0.0275882
0.46 0.0279057
0.47 0.0273055
0.48 0.0272898
0.49 0.031061
0.5 0.0415372
0.51 0.0329532
0.52 0.030542
0.53 0.0323281
0.54 0.035287
0.55 0.0377968
0.56 0.0417468
0.57 0.0472565
0.58 0.0538355
0.59 0.0620326
0.6 0.0721873
0.61 0.0839682
0.62 0.0974002
0.63 0.112412
0.64 0.128895
0.65 0.146301
0.66 0.164671
0.67 0.183558
0.68 0.20296
0.69 0.222549
0.7 0.241914
0.71 0.260861
0.72 0.279441
0.73 0.297475
0.74 0.314555
0.75 0.330789
0.76 0.346119
0.77 0.360661
0.78 0.373817
0.79 0.38595
0.8 0.397041
0.81 0.407319
0.82 0.416732
0.83 0.425212
0.84 0.432607
0.85 0.439232
0.86 0.444957
0.87 0.449908
0.88 0.453945
0.89 0.457234
0.9 0.460151
0.91 0.462496
0.92 0.464126
0.93 0.465899
0.94 0.467537
0.95 0.468768
0.96 0.46973
0.97 0.46863
0.98 0.471288
0.99 0.485362
