-1 0.0522561
-0.99 0.0390707
-0.98 0.0335883
-0.97 0.0327192
-0.96 0.0337886
-0.95 0.0340294
-0.94 0.0339734
-0.93 0.0342175
-0.92 0.0344056
-0.91 0.0345971
-0.9 0.0347107
-0.89 0.034861
-0.88 0.0350883
-0.87 0.0353287
-0.86 0.0356174
-0.85 0.0359293
-0.84 0.036109
-0.83 0.0361189
-0.82 0.0360727
-0.81 0.0360553
-0.8 0.0361508
-0.79 0.0360451
-0.78 0.0358685
-0.77 0.0358799
-0.76 0.0359193
-0.75 0.03586
-0.74 0.0355616
-0.73 0.0352958
-0.72 0.0350495
-0.71 0.0348894
-0.7 0.0346806
-0.69 0.0343624
-0.68 0.0341865
-0.67 0.0341332
-0.66 0.0342014
-0.65 0.0341721
-0.64 0.0341564
-0.63 0.0341288
-0.62 0.0339886
-0.61 0.0338091
-0.6 0.0336691
-0.59 0.0336504
-0.58 0.0335839
-0.57 0.033422
-0.56 0.033336
-0.55 0.033421
-0.54 0.0332184
-0.53 0.0325324
-0.52 0.0337162
-0.51 0.0392591
-0.5 0.0522854
-0.49 0.039321
-0.48 0.0338017
-0.47 0.0327575
-0.46 0.0336464
-0.45 0.0338655
-0.44 0.0337695
-0.43 0.0339717
-0.42 0.0342562
-0.41 0.0346189
-0.4 0.0348046
-0.39 0.0349818
-0.38 0.0351533
-0.37 0.0353214
-0.36 0.035435
-0.35 0.0354766
-0.34 0.035527
-0.33 0.0354847
-0.32 0.0354046
-0.31 0.0353747
-0.3 0.0354831
-0.29 0.035464
-0.28 0.0353316
-0.27 0.0353048
-0.26 0.0353237
-0.25 0.0353096
-0.24 0.0352304
-0.23 0.0352302
-0.22 0.0352289
-0.21 0.035306
-0.2 0.0352687
-0.19 0.0350858
-0.18 0.0350098
-0.17 0.0349904
-0.16 0.0349986
-0.15 0.0349276
-0.14 0.0348143
-0.13 0.0347665
-0.12 0.0347205
-0.11 0.034647
-0.1 0.0345844
-0.09 0.0345694
-0.08 0.034411
-0.07 0.0341912
-0.06 0.0339534
-0.05 0.0339552
-0.04 0.0337283
-0.03 0.032918
-0.02 0.0340733
-0.01 0.039923
8.88178e-16 0.0537735
0.01 0.0406127
0.02 0.0345957
0.03 0.0331229
0.04 0.0339348
0.05 0.0340343
0.06 0.03379
0.07 0.033892
0.08 0.0339601
0.09 0.0339818
0.1 0.0338889
0.11 0.0338514
0.12 0.0338579
0.13 0.0339205
0.14 0.0340014
0.15 0.034169
0.16 0.0343571
0.17 0.0344082
0.18 0.034403
0.19 0.034424
0.2 0.0345344
0.21 0.0345094
0.22 0.0344002
0.23 0.0344046
0.24 0.0344461
0.25 0.0344747
0.26 0.0343738
0.27 0.0343361
0.28 0.0343267
0.29 0.0344253
0.3 0.0344653
0.31 0.0343335
0.32 0.0343106
0.33 0.0343551
0.34 0.0344083
0.35 0.034302
0.36 0.0341798
0.37 0.0340607
0.38 0.0339076
0.39 0.0337812
0.4 0.0336675
0.41 0.0335564
0.42 0.0333783
0.43 0.0331286
0.44 0.0328824
0.45 0.0328152
0.46 0.0325335
0.47 0.0318184
0.48 0.0330366
0.49 0.0386024
0.5 0.0514226
0.51 0.038405
0.52 0.0329238
0.53 0.031819
0.54 0.0324522
0.55 0.0323667
0.56 0.0320741
0.57 0.0320883
0.58 0.0321167
0.59 0.0322083
0.6 0.0321959
0.61 0.0321568
0.62 0.0321629
0.63 0.0322396
0.64 0.0322911
0.65 0.0324091
0.66 0.0324586
0.67 0.032342
0.68 0.0322876
0.69 0.0322594
0.7 0.0322857
0.71 0.0321571
0.72 0.0320195
0.73 0.0320423
0.74 0.0321259
0.75 0.0322417
0.76 0.0323351
0.77 0.0324773
0.78 0.0325785
0.79 0.0327085
0.8 0.032717
0.81 0.0325464
0.82 0.0325022
0.83 0.0325334
0.84 0.0326299
0.85 0.0326581
0.86 0.0327145
0.87 0.0328
0.88 0.0327847
0.89 0.0328279
0.9 0.0328766
0.91 0.0330047
0.92 0.0329453
0.93 0.032904
0.94 0.032885
0.95 0.0329004
0.96 0.0325924
0.97 0.0320225
0.98 0.0334351
0.99 0.0392149
