-1 0.0380238
-0.99 0.0273702
-0.98 0.0233394
-0.97 0.0229152
-0.96 0.0236214
-0.95 0.0237906
-0.94 0.0239397
-0.93 0.0241765
-0.92 0.0241434
-0.91 0.0242941
-0.9 0.0243618
-0.89 0.0242867
-0.88 0.0243132
-0.87 0.0243672
-0.86 0.024368
-0.85 0.0243526
-0.84 0.0243201
-0.83 0.0242739
-0.82 0.0242371
-0.81 0.0241813
-0.8 0.0241942
-0.79 0.0241564
-0.78 0.0240949
-0.77 0.0241242
-0.76 0.0240947
-0.75 0.024127
-0.74 0.0240146
-0.73 0.0239647
-0.72 0.0239633
-0.71 0.02403
-0.7 0.023975
-0.69 0.0237763
-0.68 0.0237014
-0.67 0.0237044
-0.66 0.0236477
-0.65 0.0236217
-0.64 0.0236464
-0.63 0.0236056
-0.62 0.0235591
-0.61 0.0235751
-0.6 0.02345
-0.59 0.0232138
-0.58 0.0230514
-0.57 0.0231251
-0.56 0.0228475
-0.55 0.0228276
-0.54 0.0227518
-0.53 0.021907
-0.52 0.0220914
-0.51 0.0259045
-0.5 0.0366727
-0.49 0.0263888
-0.48 0.0224819
-0.47 0.0220469
-0.46 0.0227135
-0.45 0.0228031
-0.44 0.0228975
-0.43 0.023079
-0.42 0.0229799
-0.41 0.0230889
-0.4 0.0231969
-0.39 0.0232065
-0.38 0.0232643
-0.37 0.0233552
-0.36 0.0234091
-0.35 0.0234639
-0.34 0.023519
-0.33 0.0236013
-0.32 0.0236835
-0.31 0.0238023
-0.3 0.0239772
-0.29 0.0240961
-0.28 0.0241608
-0.27 0.0242865
-0.26 0.024394
-0.25 0.024631
-0.24 0.0247531
-0.23 0.0249318
-0.22 0.0251205
-0.21 0.0253757
-0.2 0.0255034
-0.19 0.0254302
-0.18 0.0254676
-0.17 0.0255208
-0.16 0.0255291
-0.15 0.0255548
-0.14 0.0256116
-0.13 0.0255843
-0.12 0.0255596
-0.11 0.0255788
-0.1 0.0254913
-0.09 0.0253415
-0.08 0.0252585
-0.07 0.0253735
-0.06 0.0251206
-0.05 0.025105
-0.04 0.0250027
-0.03 0.0240866
-0.02 0.0243391
-0.01 0.0283356
8.88178e-16 0.0392475
0.01 0.0285064
0.02 0.024329
0.03 0.0237217
0.04 0.0242937
0.05 0.0242363
0.06 0.0241704
0.07 0.0242564
0.08 0.0241358
0.09 0.0242084
0.1 0.0242678
0.11 0.0242128
0.12 0.0242635
0.13 0.0243871
0.14 0.0244567
0.15 0.0245184
0.16 0.0245851
0.17 0.0245821
0.18 0.0245113
0.19 0.024467
0.2 0.0244828
0.21 0.0244231
0.22 0.0243218
0.23 0.0242866
0.24 0.0242366
0.25 0.0243365
0.26 0.0243178
0.27 0.0242913
0.28 0.0242928
0.29 0.0243768
0.3 0.0243413
0.31 0.0241096
0.32 0.0239969
0.33 0.0239322
0.34 0.0238411
0.35 0.0237103
0.36 0.0235979
0.37 0.0235034
0.38 0.02349
0.39 0.0235635
0.4 0.0235419
0.41 0.023449
0.42 0.0234428
0.43 0.0236016
0.44 0.0233484
0.45 0.0232941
0.46 0.0232021
0.47 0.0223569
0.48 0.0226806
0.49 0.0265829
0.5 0.0371359
0.51 0.0266568
0.52 0.0227928
0.53 0.0224496
0.54 0.0230242
0.55 0.0229111
0.56 0.0229699
0.57 0.0232035
0.58 0.0230901
0.59 0.0231595
0.6 0.0232146
0.61 0.0231343
0.62 0.0231606
0.63 0.0232516
0.64 0.0233082
0.65 0.0233385
0.66 0.0233517
0.67 0.0233483
0.68 0.0233047
0.69 0.0232638
0.7 0.023256
0.71 0.0232209
0.72 0.0231929
0.73 0.0232179
0.74 0.0232202
0.75 0.0233225
0.76 0.0232651
0.77 0.0232149
0.78 0.0232017
0.79 0.0232521
0.8 0.0232277
0.81 0.0230819
0.82 0.0231028
0.83 0.0231569
0.84 0.0231951
0.85 0.0232275
0.86 0.0232735
0.87 0.0232911
0.88 0.0233201
0.89 0.0234583
0.9 0.0235082
0.91 0.0234494
0.92 0.0234752
0.93 0.0236922
0.94 0.0235051
0.95 0.0235174
0.96 0.0234819
0.97 0.0227252
0.98 0.0231395
0.99 0.0272063
