-1 0.0284017
-0.99 0.0202466
-0.98 0.0176175
-0.97 0.0176951
-0.96 0.0177849
-0.95 0.0182053
-0.94 0.0182521
-0.93 0.0182873
-0.92 0.0185329
-0.91 0.0184737
-0.9 0.0185492
-0.89 0.0185618
-0.88 0.0185048
-0.87 0.0185569
-0.86 0.0185768
-0.85 0.018619
-0.84 0.018683
-0.83 0.0187748
-0.82 0.0187772
-0.81 0.0187629
-0.8 0.0188906
-0.79 0.0189025
-0.78 0.0188257
-0.77 0.0188203
-0.76 0.0187825
-0.75 0.0186457
-0.74 0.0187662
-0.73 0.018831
-0.72 0.0188567
-0.71 0.0190017
-0.7 0.0189946
-0.69 0.0189177
-0.68 0.018932
-0.67 0.0189816
-0.66 0.0189431
-0.65 0.018925
-0.64 0.0189431
-0.63 0.0189919
-0.62 0.019023
-0.61 0.0190681
-0.6 0.0191643
-0.59 0.0192692
-0.58 0.0192472
-0.57 0.0189917
-0.56 0.0191852
-0.55 0.019266
-0.54 0.0186276
-0.53 0.0186649
-0.52 0.0189099
-0.51 0.0214441
-0.5 0.0299606
-0.49 0.0218268
-0.48 0.0187116
-0.47 0.0186862
-0.46 0.0187798
-0.45 0.0192036
-0.44 0.0194311
-0.43 0.0194721
-0.42 0.0197759
-0.41 0.019814
-0.4 0.0198836
-0.39 0.0199767
-0.38 0.0199738
-0.37 0.0199779
-0.36 0.019947
-0.35 0.0199524
-0.34 0.0199394
-0.33 0.0199082
-0.32 0.0198432
-0.31 0.019792
-0.3 0.0198535
-0.29 0.0198182
-0.28 0.0196574
-0.27 0.0195672
-0.26 0.0194079
-0.25 0.0191155
-0.24 0.0190522
-0.23 0.0189335
-0.22 0.018801
-0.21 0.0188264
-0.2 0.0187722
-0.19 0.0186242
-0.18 0.0186665
-0.17 0.018737
-0.16 0.0187619
-0.15 0.0188246
-0.14 0.0188843
-0.13 0.0189749
-0.12 0.0190793
-0.11 0.0191394
-0.1 0.0191515
-0.09 0.0191491
-0.08 0.0190053
-0.07 0.0186793
-0.06 0.0186807
-0.05 0.0184906
-0.04 0.0178254
-0.03 0.0177942
-0.02 0.0178592
-0.01 0.0201957
8.88178e-16 0.0283927
0.01 0.020457
0.02 0.0173972
0.03 0.0172104
0.04 0.0172742
0.05 0.0175337
0.06 0.0175098
0.07 0.0173248
0.08 0.0172942
0.09 0.0170417
0.1 0.0169127
0.11 0.0169176
0.12 0.016946
0.13 0.0170243
0.14 0.0170511
0.15 0.0170749
0.16 0.0171409
0.17 0.0172777
0.18 0.0173653
0.19 0.0174279
0.2 0.0176159
0.21 0.0176702
0.22 0.0176136
0.23 0.0176263
0.24 0.0175877
0.25 0.0174338
0.26 0.0174589
0.27 0.0174386
0.28 0.0173853
0.29 0.0174974
0.3 0.0174863
0.31 0.0173358
0.32 0.0173292
0.33 0.0173401
0.34 0.0172837
0.35 0.0172573
0.36 0.0172726
0.37 0.0173151
0.38 0.0172805
0.39 0.0172739
0.4 0.0172617
0.41 0.0172508
0.42 0.0172255
0.43 0.0170803
0.44 0.0171797
0.45 0.0171301
0.46 0.0166989
0.47 0.0166216
0.48 0.0166928
0.49 0.0193227
0.5 0.0272858
0.51 0.0193774
0.52 0.0167939
0.53 0.0166691
0.54 0.0167315
0.55 0.0171493
0.56 0.0169847
0.57 0.0169107
0.58 0.017123
0.59 0.0170495
0.6 0.0171124
0.61 0.0171473
0.62 0.017111
0.63 0.0171293
0.64 0.0170913
0.65 0.0171229
0.66 0.0171693
0.67 0.0172572
0.68 0.0172531
0.69 0.0172333
0.7 0.0173588
0.71 0.0173848
0.72 0.0173266
0.73 0.0173784
0.74 0.0174275
0.75 0.0173232
0.76 0.0174132
0.77 0.0174776
0.78 0.0174343
0.79 0.0174738
0.8 0.0174091
0.81 0.017236
0.82 0.017173
0.83 0.0171658
0.84 0.0170885
0.85 0.017045
0.86 0.0170935
0.87 0.0171638
0.88 0.0171986
0.89 0.0173085
0.9 0.0174326
0.91 0.0175376
0.92 0.0175223
0.93 0.0173563
0.94 0.0175901
0.95 0.0177323
0.96 0.0173279
0.97 0.017435
0.98 0.0178075
0.99 0.0205479
