-1 0.0119394
-0.99 0.00772992
-0.98 0.00691323
-0.97 0.0073636
-0.96 0.00751507
-0.95 0.00713793
-0.94 0.00727004
-0.93 0.00760178
-0.92 0.00753217
-0.91 0.00774868
-0.9 0.00794646
-0.89 0.00786979
-0.88 0.00794013
-0.87 0.00802614
-0.86 0.00799604
-0.85 0.00806428
-0.84 0.00811503
-0.83 0.00816963
-0.82 0.00818979
-0.81 0.00823999
-0.8 0.0082827
-0.79 0.00824124
-0.78 0.00822984
-0.77 0.00826708
-0.76 0.00828109
-0.75 0.00822694
-0.74 0.00822156
-0.73 0.00816155
-0.72 0.00808699
-0.71 0.00806238
-0.7 0.00805472
-0.69 0.00803455
-0.68 0.00801907
-0.67 0.00799482
-0.66 0.00795696
-0.65 0.00792157
-0.64 0.00785853
-0.63 0.00776148
-0.62 0.00776669
-0.61 0.00782653
-0.6 0.00774512
-0.59 0.00760793
-0.58 0.0075613
-0.57 0.00774111
-0.56 0.00755335
-0.55 0.00757745
-0.54 0.0078894
-0.53 0.0076742
-0.52 0.0074083
-0.51 0.00840969
-0.5 0.0129674
-0.49 0.00906998
-0.48 0.00775545
-0.47 0.00776625
-0.46 0.00811286
-0.45 0.00781279
-0.44 0.00768567
-0.43 0.00786035
-0.42 0.00777836
-0.41 0.00791379
-0.4 0.00799642
-0.39 0.00793656
-0.38 0.00798992
-0.37 0.00802513
-0.36 0.00803561
-0.35 0.00806081
-0.34 0.00802057
-0.33 0.00795218
-0.32 0.00790769
-0.31 0.00791554
-0.3 0.00797837
-0.29 0.00802402
-0.28 0.00802819
-0.27 0.00808847
-0.26 0.00812038
-0.25 0.00812322
-0.24 0.00816867
-0.23 0.00818354
-0.22 0.00820169
-0.21 0.00814542
-0.2 0.0080994
-0.19 0.00803519
-0.18 0.00797733
-0.17 0.00792341
-0.16 0.00791633
-0.15 0.00790371
-0.14 0.00789814
-0.13 0.00788465
-0.12 0.00793231
-0.11 0.00802313
-0.1 0.00806331
-0.09 0.00805896
-0.08 0.00809647
-0.07 0.00825478
-0.06 0.00802412
-0.05 0.00799088
-0.04 0.00824549
-0.03 0.00795583
-0.02 0.00754226
-0.01 0.00836082
8.88178e-16 0.012905
0.01 0.00926081
0.02 0.00795042
0.03 0.00790113
0.04 0.00824561
0.05 0.00794358
0.06 0.0078039
0.07 0.00805173
0.08 0.00804395
0.09 0.00813937
0.1 0.00829217
0.11 0.00833781
0.12 0.00841816
0.13 0.00846874
0.14 0.00850447
0.15 0.008605
0.16 0.00863722
0.17 0.00865835
0.18 0.00864197
0.19 0.00860951
0.2 0.00863437
0.21 0.00863462
0.22 0.00857696
0.23 0.00857497
0.24 0.00858102
0.25 0.00854196
0.26 0.0085388
0.27 0.00853763
0.28 0.00858959
0.29 0.00862214
0.3 0.00861093
0.31 0.00860124
0.32 0.00857843
0.33 0.0085746
0.34 0.00855232
0.35 0.00852812
0.36 0.00849791
0.37 0.008453
0.38 0.00841482
0.39 0.00836235
0.4 0.00819946
0.41 0.00803172
0.42 0.00795861
0.43 0.00797005
0.44 0.00772946
0.45 0.0077679
0.46 0.00801935
0.47 0.00769938
0.48 0.00750546
0.49 0.00848288
0.5 0.0127101
0.51 0.00885919
0.52 0.0075715
0.53 0.00741636
0.54 0.00759091
0.55 0.00733578
0.56 0.0072224
0.57 0.00735252
0.58 0.00722287
0.59 0.00724445
0.6 0.00725752
0.61 0.00708025
0.62 0.00698419
0.63 0.00693228
0.64 0.00689569
0.65 0.00691009
0.66 0.00692981
0.67 0.00692319
0.68 0.0068512
0.69 0.0068339
0.7 0.00686447
0.71 0.00683769
0.72 0.00681136
0.73 0.00682892
0.74 0.00685953
0.75 0.00686952
0.76 0.00691026
0.77 0.00689948
0.78 0.00690603
0.79 0.00694915
0.8 0.00697275
0.81 0.00696908
0.82 0.0069764
0.83 0.00699543
0.84 0.00700321
0.85 0.00707599
0.86 0.00714466
0.87 0.00717329
0.88 0.00722749
0.89 0.00727998
0.9 0.00726794
0.91 0.0072576
0.92 0.00721108
0.93 0.00716113
0.94 0.00690365
0.95 0.00704607
0.96 0.00728993
0.97 0.00697798
0.98 0.00707436
0.99 0.00825461
