-1 0.0448623
-0.99 0.0325975
-0.98 0.0279412
-0.97 0.0277538
-0.96 0.0287325
-0.95 0.0287254
-0.94 0.0286839
-0.93 0.0287163
-0.92 0.0286856
-0.91 0.0288558
-0.9 0.0289323
-0.89 0.0289312
-0.88 0.0289882
-0.87 0.0290837
-0.86 0.029097
-0.85 0.0291505
-0.84 0.0291668
-0.83 0.0291281
-0.82 0.0290513
-0.81 0.0290363
-0.8 0.0290756
-0.79 0.0290861
-0.78 0.0290855
-0.77 0.0291393
-0.76 0.0291055
-0.75 0.0291229
-0.74 0.0290113
-0.73 0.0289737
-0.72 0.0289639
-0.71 0.0289843
-0.7 0.0289356
-0.69 0.0288706
-0.68 0.0288551
-0.67 0.0289245
-0.66 0.028933
-0.65 0.028958
-0.64 0.0290094
-0.63 0.0289607
-0.62 0.0289319
-0.61 0.028943
-0.6 0.028958
-0.59 0.0288291
-0.58 0.0287102
-0.57 0.0288905
-0.56 0.0288818
-0.55 0.029002
-0.54 0.028939
-0.53 0.0277635
-0.52 0.0280892
-0.51 0.0329022
-0.5 0.0453781
-0.49 0.0332103
-0.48 0.0284821
-0.47 0.0281908
-0.46 0.0293372
-0.45 0.0296537
-0.44 0.0296822
-0.43 0.0297062
-0.42 0.0298474
-0.41 0.0302136
-0.4 0.0303387
-0.39 0.0303929
-0.38 0.0304512
-0.37 0.0305587
-0.36 0.0306475
-0.35 0.0307077
-0.34 0.0307373
-0.33 0.0307359
-0.32 0.0307277
-0.31 0.0307562
-0.3 0.0308499
-0.29 0.0309048
-0.28 0.030946
-0.27 0.0310288
-0.26 0.0310015
-0.25 0.0310335
-0.24 0.0309542
-0.23 0.0308915
-0.22 0.0308545
-0.21 0.0308354
-0.2 0.0307887
-0.19 0.0307273
-0.18 0.0307173
-0.17 0.0307676
-0.16 0.0308046
-0.15 0.0308684
-0.14 0.0310031
-0.13 0.0310225
-0.12 0.0310381
-0.11 0.031076
-0.1 0.0311086
-0.09 0.0310521
-0.08 0.0309215
-0.07 0.0310468
-0.06 0.0310392
-0.05 0.0311195
-0.04 0.0309426
-0.03 0.0295255
-0.02 0.0296345
-0.01 0.0345269
8.88178e-16 0.0476472
0.01 0.0355351
0.02 0.030409
0.03 0.0296711
0.04 0.030567
0.05 0.0307651
0.06 0.0307459
0.07 0.0306077
0.08 0.030476
0.09 0.0305709
0.1 0.030603
0.11 0.0305688
0.12 0.0305935
0.13 0.0305806
0.14 0.0304925
0.15 0.0304413
0.16 0.0303831
0.17 0.0303154
0.18 0.0302799
0.19 0.0302943
0.2 0.0303276
0.21 0.030299
0.22 0.0303385
0.23 0.0304561
0.24 0.0305326
0.25 0.0307292
0.26 0.0308055
0.27 0.0308696
0.28 0.0309235
0.29 0.0310056
0.3 0.0310654
0.31 0.031061
0.32 0.0310866
0.33 0.0311212
0.34 0.0311356
0.35 0.0311314
0.36 0.0311475
0.37 0.0310935
0.38 0.0310655
0.39 0.031
0.4 0.0309554
0.41 0.0308425
0.42 0.0306812
0.43 0.0308099
0.44 0.0308385
0.45 0.0309565
0.46 0.0308542
0.47 0.0296768
0.48 0.029984
0.49 0.0349111
0.5 0.0477624
0.51 0.0357272
0.52 0.0307707
0.53 0.0300859
0.54 0.0307519
0.55 0.0306421
0.56 0.030382
0.57 0.0301214
0.58 0.0298954
0.59 0.0299311
0.6 0.0298988
0.61 0.0297808
0.62 0.02974
0.63 0.0296941
0.64 0.029606
0.65 0.0295762
0.66 0.0295463
0.67 0.0295219
0.68 0.0294547
0.69 0.0294267
0.7 0.0294591
0.71 0.029409
0.72 0.0293393
0.73 0.0293168
0.74 0.0292116
0.75 0.0292276
0.76 0.0291036
0.77 0.0289783
0.78 0.0288743
0.79 0.0288473
0.8 0.0287953
0.81 0.0287501
0.82 0.0287053
0.83 0.0287332
0.84 0.0287296
0.85 0.0287067
0.86 0.0287915
0.87 0.0287984
0.88 0.0287803
0.89 0.0287623
0.9 0.028746
0.91 0.0286486
0.92 0.028504
0.93 0.0285335
0.94 0.0284696
0.95 0.0285035
0.96 0.028354
0.97 0.0272112
0.98 0.0276267
0.99 0.032516
