-1 0.0401215
-0.99 0.0292044
-0.98 0.0248784
-0.97 0.0242632
-0.96 0.0250091
-0.95 0.0252432
-0.94 0.0253659
-0.93 0.0255465
-0.92 0.0255201
-0.91 0.0257101
-0.9 0.0258543
-0.89 0.0258575
-0.88 0.0259273
-0.87 0.0260097
-0.86 0.0260391
-0.85 0.0260895
-0.84 0.026158
-0.83 0.02623
-0.82 0.0263271
-0.81 0.0264525
-0.8 0.0266034
-0.79 0.0266923
-0.78 0.0267012
-0.77 0.0267533
-0.76 0.0268184
-0.75 0.0268763
-0.74 0.0268358
-0.73 0.0268095
-0.72 0.0267528
-0.71 0.0267296
-0.7 0.0266318
-0.69 0.0264171
-0.68 0.026298
-0.67 0.0262294
-0.66 0.0261863
-0.65 0.0261181
-0.64 0.0261196
-0.63 0.0260793
-0.62 0.0260864
-0.61 0.0260873
-0.6 0.0260375
-0.59 0.0259698
-0.58 0.0258314
-0.57 0.0258383
-0.56 0.0256832
-0.55 0.0256332
-0.54 0.0254585
-0.53 0.0247611
-0.52 0.0254446
-0.51 0.0297909
-0.5 0.0406644
-0.49 0.0301762
-0.48 0.0258706
-0.47 0.0252145
-0.46 0.0260018
-0.45 0.0262921
-0.44 0.0264478
-0.43 0.0267
-0.42 0.0267438
-0.41 0.0269763
-0.4 0.0271367
-0.39 0.0271769
-0.38 0.0272671
-0.37 0.0273981
-0.36 0.0274773
-0.35 0.0275769
-0.34 0.0276042
-0.33 0.0275609
-0.32 0.0275487
-0.31 0.0276547
-0.3 0.0278234
-0.29 0.0279299
-0.28 0.0279355
-0.27 0.0278976
-0.26 0.0278421
-0.25 0.0276751
-0.24 0.0274342
-0.23 0.0272292
-0.22 0.0270608
-0.21 0.0269387
-0.2 0.0267681
-0.19 0.0264885
-0.18 0.0263608
-0.17 0.0263027
-0.16 0.026281
-0.15 0.0262842
-0.14 0.0262945
-0.13 0.0262754
-0.12 0.0262968
-0.11 0.0263643
-0.1 0.0263694
-0.09 0.026393
-0.08 0.0263384
-0.07 0.0263476
-0.06 0.0261803
-0.05 0.0261194
-0.04 0.0259831
-0.03 0.0252934
-0.02 0.0260085
-0.01 0.0304065
8.88178e-16 0.0414481
0.01 0.0308295
0.02 0.0262567
0.03 0.0252974
0.04 0.0259004
0.05 0.0261122
0.06 0.0261286
0.07 0.0261708
0.08 0.0260927
0.09 0.0263062
0.1 0.0264436
0.11 0.0264483
0.12 0.0264979
0.13 0.0266099
0.14 0.0267104
0.15 0.0268596
0.16 0.0269945
0.17 0.0271221
0.18 0.0272216
0.19 0.0273024
0.2 0.0274598
0.21 0.0275206
0.22 0.027539
0.23 0.027611
0.24 0.0276745
0.25 0.0276654
0.26 0.0275768
0.27 0.0275026
0.28 0.027424
0.29 0.0275153
0.3 0.0275165
0.31 0.0273583
0.32 0.0273046
0.33 0.0272771
0.34 0.0273172
0.35 0.0273057
0.36 0.0272811
0.37 0.0271937
0.38 0.0271768
0.39 0.0271433
0.4 0.0270142
0.41 0.0268481
0.42 0.0266788
0.43 0.0266016
0.44 0.0263804
0.45 0.0262695
0.46 0.0260708
0.47 0.0254047
0.48 0.0262249
0.49 0.0305966
0.5 0.0411461
0.51 0.0303039
0.52 0.02583
0.53 0.025014
0.54 0.025638
0.55 0.0258234
0.56 0.0258073
0.57 0.0258641
0.58 0.0257917
0.59 0.0259364
0.6 0.0259443
0.61 0.0258113
0.62 0.0257202
0.63 0.0256475
0.64 0.0255846
0.65 0.0255622
0.66 0.0254681
0.67 0.0253302
0.68 0.0251521
0.69 0.0250125
0.7 0.0249737
0.71 0.0248926
0.72 0.0247732
0.73 0.0247093
0.74 0.0247348
0.75 0.0247325
0.76 0.0246807
0.77 0.0246533
0.78 0.0246341
0.79 0.024673
0.8 0.0246634
0.81 0.0245305
0.82 0.0245212
0.83 0.0245627
0.84 0.0246534
0.85 0.0247481
0.86 0.0249059
0.87 0.0249854
0.88 0.0250626
0.89 0.0251431
0.9 0.02517
0.91 0.0251815
0.92 0.0251223
0.93 0.0252371
0.94 0.0251899
0.95 0.0251286
0.96 0.0248658
0.97 0.0242525
0.98 0.0251998
0.99 0.0296342
