-1 0.0410362
-0.99 0.0297304
-0.98 0.0255066
-0.97 0.025281
-0.96 0.0261331
-0.95 0.0261514
-0.94 0.0262525
-0.93 0.0264427
-0.92 0.0264699
-0.91 0.0267125
-0.9 0.0268933
-0.89 0.0270068
-0.88 0.027198
-0.87 0.0272874
-0.86 0.0272559
-0.85 0.0272805
-0.84 0.0273583
-0.83 0.027336
-0.82 0.0272866
-0.81 0.0272767
-0.8 0.0274129
-0.79 0.0274141
-0.78 0.0273956
-0.77 0.0274487
-0.76 0.0275328
-0.75 0.0275481
-0.74 0.0274317
-0.73 0.027373
-0.72 0.027311
-0.71 0.0273617
-0.7 0.0273222
-0.69 0.0271999
-0.68 0.0271265
-0.67 0.0271145
-0.66 0.0270079
-0.65 0.0268867
-0.64 0.0268428
-0.63 0.026776
-0.62 0.0266933
-0.61 0.0266219
-0.6 0.0264875
-0.59 0.0264427
-0.58 0.0263708
-0.57 0.0262614
-0.56 0.0262047
-0.55 0.026275
-0.54 0.0262434
-0.53 0.0256084
-0.52 0.0261139
-0.51 0.0305306
-0.5 0.0414401
-0.49 0.0300025
-0.48 0.0257642
-0.47 0.0255718
-0.46 0.0264158
-0.45 0.0264311
-0.44 0.0265051
-0.43 0.0266731
-0.42 0.0267047
-0.41 0.0269808
-0.4 0.0272418
-0.39 0.0274904
-0.38 0.0277882
-0.37 0.0280449
-0.36 0.0281875
-0.35 0.0284153
-0.34 0.0285998
-0.33 0.0286625
-0.32 0.0286744
-0.31 0.0286917
-0.3 0.0287267
-0.29 0.0286477
-0.28 0.0285752
-0.27 0.0284846
-0.26 0.0284067
-0.25 0.0283734
-0.24 0.0282634
-0.23 0.0281723
-0.22 0.0281301
-0.21 0.0281904
-0.2 0.0282072
-0.19 0.0281746
-0.18 0.028203
-0.17 0.0282811
-0.16 0.0283063
-0.15 0.0283526
-0.14 0.0284787
-0.13 0.0285946
-0.12 0.0286671
-0.11 0.0287728
-0.1 0.0286954
-0.09 0.0287036
-0.08 0.0286343
-0.07 0.0285276
-0.06 0.0284755
-0.05 0.0284578
-0.04 0.0283154
-0.03 0.0275265
-0.02 0.0277757
-0.01 0.032195
8.88178e-16 0.0436487
0.01 0.0320113
0.02 0.027326
0.03 0.0267534
0.04 0.0273789
0.05 0.0271439
0.06 0.0269203
0.07 0.0268718
0.08 0.0267617
0.09 0.0268638
0.1 0.0269108
0.11 0.0269472
0.12 0.0269847
0.13 0.0269625
0.14 0.0269095
0.15 0.0269745
0.16 0.0270791
0.17 0.0270707
0.18 0.0269733
0.19 0.026981
0.2 0.0270719
0.21 0.0269862
0.22 0.0268154
0.23 0.0267033
0.24 0.0266152
0.25 0.026524
0.26 0.0263697
0.27 0.026294
0.28 0.0262576
0.29 0.0262558
0.3 0.0261978
0.31 0.0260975
0.32 0.0260431
0.33 0.0260445
0.34 0.0259713
0.35 0.0259183
0.36 0.0259353
0.37 0.0259545
0.38 0.025991
0.39 0.0260329
0.4 0.0260037
0.41 0.0260758
0.42 0.0261028
0.43 0.0261311
0.44 0.0262245
0.45 0.0262547
0.46 0.0261584
0.47 0.0256163
0.48 0.0260516
0.49 0.030261
0.5 0.0411482
0.51 0.0300584
0.52 0.0258092
0.53 0.0255091
0.54 0.0262479
0.55 0.0261877
0.56 0.0262206
0.57 0.0262836
0.58 0.0261376
0.59 0.026246
0.6 0.0263274
0.61 0.0263353
0.62 0.0263802
0.63 0.0263828
0.64 0.0262577
0.65 0.0262356
0.66 0.0262779
0.67 0.0262769
0.68 0.0262215
0.69 0.0262413
0.7 0.0263377
0.71 0.0263386
0.72 0.0263031
0.73 0.0262465
0.74 0.0262362
0.75 0.02619
0.76 0.0261161
0.77 0.0261492
0.78 0.026157
0.79 0.0262124
0.8 0.0261785
0.81 0.0260757
0.82 0.0260206
0.83 0.0260147
0.84 0.0259304
0.85 0.0258772
0.86 0.0258021
0.87 0.0257829
0.88 0.0257617
0.89 0.0257793
0.9 0.0257433
0.91 0.0258003
0.92 0.0257747
0.93 0.0257374
0.94 0.0258069
0.95 0.0259364
0.96 0.0259032
0.97 0.0253477
0.98 0.0259051
0.99 0.0302646
