-1 0.0493514
-0.99 0.0389587
-0.98 0.0344525
-0.97 0.0335335
-0.96 0.0332357
-0.95 0.0335871
-0.94 0.0339547
-0.93 0.0339869
-0.92 0.0343165
-0.91 0.0343673
-0.9 0.0343197
-0.89 0.0344001
-0.88 0.0343491
-0.87 0.0342996
-0.86 0.0342742
-0.85 0.0342276
-0.84 0.0341463
-0.83 0.0340382
-0.82 0.0339264
-0.81 0.0338356
-0.8 0.0340195
-0.79 0.0341165
-0.78 0.0340937
-0.77 0.0342652
-0.76 0.0344318
-0.75 0.034561
-0.74 0.0346425
-0.73 0.0347381
-0.72 0.0347366
-0.71 0.0349215
-0.7 0.0348998
-0.69 0.0346634
-0.68 0.0346312
-0.67 0.0346536
-0.66 0.0345241
-0.65 0.0344192
-0.64 0.034342
-0.63 0.0343196
-0.62 0.0341431
-0.61 0.0340333
-0.6 0.0339598
-0.59 0.0339137
-0.58 0.0338235
-0.57 0.0334511
-0.56 0.0336008
-0.55 0.0333602
-0.54 0.0326374
-0.53 0.0329357
-0.52 0.033646
-0.51 0.0376209
-0.5 0.0479917
-0.49 0.0376054
-0.48 0.0327492
-0.47 0.0316225
-0.46 0.0313232
-0.45 0.0314604
-0.44 0.0315659
-0.43 0.031249
-0.42 0.0312885
-0.41 0.0311799
-0.4 0.0309467
-0.39 0.0309398
-0.38 0.0309119
-0.37 0.0309564
-0.36 0.030995
-0.35 0.0310554
-0.34 0.0311487
-0.33 0.0311521
-0.32 0.0312402
-0.31 0.0314167
-0.3 0.0317997
-0.29 0.0319974
-0.28 0.0320259
-0.27 0.0322677
-0.26 0.0324952
-0.25 0.0326376
-0.24 0.0328361
-0.23 0.0330572
-0.22 0.0331981
-0.21 0.0335977
-0.2 0.0338663
-0.19 0.0339197
-0.18 0.0342767
-0.17 0.0347054
-0.16 0.0350316
-0.15 0.0354392
-0.14 0.0357855
-0.13 0.0361557
-0.12 0.0363423
-0.11 0.0364444
-0.1 0.0364366
-0.09 0.0361856
-0.08 0.0358643
-0.07 0.0352818
-0.06 0.0350954
-0.05 0.0342376
-0.04 0.0329041
-0.03 0.0327188
-0.02 0.0323622
-0.01 0.0354412
8.88178e-16 0.0459849
0.01 0.0353975
0.02 0.0293697
0.03 0.0270136
0.04 0.0250854
0.05 0.0233665
0.06 0.0217709
0.07 0.0198524
0.08 0.018289
0.09 0.0169633
0.1 0.0162808
0.11 0.0165437
0.12 0.0174237
0.13 0.0187549
0.14 0.0203926
0.15 0.0223292
0.16 0.0243937
0.17 0.0263637
0.18 0.0282089
0.19 0.0299231
0.2 0.0315653
0.21 0.0327578
0.22 0.0335523
0.23 0.0343085
0.24 0.0348585
0.25 0.0351301
0.26 0.0353757
0.27 0.0355821
0.28 0.035603
0.29 0.0357255
0.3 0.0356171
0.31 0.0352743
0.32 0.0351897
0.33 0.0351926
0.34 0.0350588
0.35 0.0349622
0.36 0.0348695
0.37 0.034813
0.38 0.0346553
0.39 0.0345943
0.4 0.034504
0.41 0.0344224
0.42 0.0342745
0.43 0.0339203
0.44 0.0339209
0.45 0.0336317
0.46 0.0333621
0.47 0.0339953
0.48 0.0349849
0.49 0.0393231
0.5 0.0496605
0.51 0.0393331
0.52 0.0346619
0.53 0.0334554
0.54 0.0330238
0.55 0.033227
0.56 0.0332763
0.57 0.032902
0.58 0.0328087
0.59 0.0325072
0.6 0.0322229
0.61 0.032184
0.62 0.032015
0.63 0.0319912
0.64 0.0319937
0.65 0.031999
0.66 0.0320716
0.67 0.0320579
0.68 0.0320089
0.69 0.0319769
0.7 0.0321397
0.71 0.0320611
0.72 0.0318611
0.73 0.0318609
0.74 0.0319078
0.75 0.0318788
0.76 0.0318085
0.77 0.0318587
0.78 0.0318204
0.79 0.0319674
0.8 0.031951
0.81 0.0316645
0.82 0.0315732
0.83 0.0315945
0.84 0.0314711
0.85 0.031401
0.86 0.0313522
0.87 0.0313271
0.88 0.031269
0.89 0.0312846
0.9 0.0313594
0.91 0.0316203
0.92 0.0318639
0.93 0.0318495
0.94 0.0323189
0.95 0.0325252
0.96 0.0323073
0.97 0.0330165
0.98 0.0345055
0.99 0.0391107
