-1 0.0755649
-0.99 0.0607048
-0.98 0.0539689
-0.97 0.0531739
-0.96 0.0544879
-0.95 0.0543871
-0.94 0.0539088
-0.93 0.0536779
-0.92 0.0533922
-0.91 0.053237
-0.9 0.0531657
-0.89 0.0530655
-0.88 0.0529243
-0.87 0.0528371
-0.86 0.0528291
-0.85 0.0526976
-0.84 0.052689
-0.83 0.0526909
-0.82 0.0526031
-0.81 0.0526362
-0.8 0.052773
-0.79 0.0528197
-0.78 0.0528272
-0.77 0.053
-0.76 0.0531627
-0.75 0.0533016
-0.74 0.0533292
-0.73 0.0534052
-0.72 0.0532813
-0.71 0.0531668
-0.7 0.0529866
-0.69 0.0527659
-0.68 0.0526004
-0.67 0.0525014
-0.66 0.0523726
-0.65 0.0523316
-0.64 0.052298
-0.63 0.0523092
-0.62 0.052343
-0.61 0.0523617
-0.6 0.0525838
-0.59 0.0528184
-0.58 0.0528022
-0.57 0.0529397
-0.56 0.0535143
-0.55 0.0539416
-0.54 0.0536855
-0.53 0.0523242
-0.52 0.0530938
-0.51 0.0598651
-0.5 0.0751004
-0.49 0.0609441
-0.48 0.0544664
-0.47 0.0540068
-0.46 0.0560528
-0.45 0.056486
-0.44 0.0563662
-0.43 0.0565243
-0.42 0.0566371
-0.41 0.0567512
-0.4 0.0570509
-0.39 0.0572697
-0.38 0.0575071
-0.37 0.0578881
-0.36 0.0582376
-0.35 0.0583979
-0.34 0.0586056
-0.33 0.0588189
-0.32 0.0589512
-0.31 0.0591605
-0.3 0.059436
-0.29 0.0596461
-0.28 0.059822
-0.27 0.0601345
-0.26 0.0602822
-0.25 0.0605284
-0.24 0.0607335
-0.23 0.0609744
-0.22 0.0612588
-0.21 0.0617145
-0.2 0.0623227
-0.19 0.0630536
-0.18 0.0638144
-0.17 0.0646435
-0.16 0.0653427
-0.15 0.0658573
-0.14 0.0660328
-0.13 0.0659684
-0.12 0.0656366
-0.11 0.0648998
-0.1 0.0640954
-0.09 0.0631526
-0.08 0.0620239
-0.07 0.0608784
-0.06 0.0601942
-0.05 0.0593672
-0.04 0.057563
-0.03 0.0540963
-0.02 0.0525568
-0.01 0.0568805
8.88178e-16 0.0702486
0.01 0.0545419
0.02 0.0446656
0.03 0.0396119
0.04 0.0370006
0.05 0.0330493
0.06 0.0289761
0.07 0.0254892
0.08 0.0224605
0.09 0.0201326
0.1 0.0191047
0.11 0.0194899
0.12 0.0209338
0.13 0.0232026
0.14 0.0261406
0.15 0.0295267
0.16 0.0330899
0.17 0.036617
0.18 0.0399467
0.19 0.0430038
0.2 0.0457889
0.21 0.0481715
0.22 0.0501415
0.23 0.0518905
0.24 0.0533353
0.25 0.0544555
0.26 0.0552833
0.27 0.0559815
0.28 0.0565108
0.29 0.0569036
0.3 0.057055
0.31 0.0570166
0.32 0.0569894
0.33 0.0569309
0.34 0.0567991
0.35 0.0566669
0.36 0.0565351
0.37 0.0565397
0.38 0.0565786
0.39 0.0567076
0.4 0.0570443
0.41 0.0574703
0.42 0.0575692
0.43 0.057728
0.44 0.0583391
0.45 0.059017
0.46 0.0591263
0.47 0.0579789
0.48 0.0590134
0.49 0.065924
0.5 0.0810788
0.51 0.0667776
0.52 0.0601289
0.53 0.0593788
0.54 0.0609874
0.55 0.0609353
0.56 0.0602458
0.57 0.0599095
0.58 0.0596198
0.59 0.0594143
0.6 0.0594708
0.61 0.0594699
0.62 0.059431
0.63 0.0594721
0.64 0.0596132
0.65 0.0595901
0.66 0.0594984
0.67 0.0592606
0.68 0.0588807
0.69 0.0585409
0.7 0.058235
0.71 0.0578694
0.72 0.0574754
0.73 0.0571415
0.74 0.0567267
0.75 0.0563118
0.76 0.0558507
0.77 0.0555374
0.78 0.0551373
0.79 0.0548747
0.8 0.0546152
0.81 0.0544254
0.82 0.0543607
0.83 0.0543887
0.84 0.0543921
0.85 0.0545122
0.86 0.0545477
0.87 0.0546645
0.88 0.0548111
0.89 0.0547922
0.9 0.0550176
0.91 0.055278
0.92 0.0550887
0.93 0.0548548
0.94 0.0551793
0.95 0.0554011
0.96 0.0550643
0.97 0.0536878
0.98 0.0545381
0.99 0.0611424
