-1 0.0380876
-0.99 0.0280162
-0.98 0.0242749
-0.97 0.0237454
-0.96 0.0235486
-0.95 0.0237299
-0.94 0.0240843
-0.93 0.0241357
-0.92 0.0244543
-0.91 0.0245756
-0.9 0.0244817
-0.89 0.0246998
-0.88 0.0248287
-0.87 0.0249087
-0.86 0.0250824
-0.85 0.0251899
-0.84 0.0251348
-0.83 0.0251547
-0.82 0.0251721
-0.81 0.025156
-0.8 0.0252877
-0.79 0.0252611
-0.78 0.0250405
-0.77 0.0249887
-0.76 0.0249485
-0.75 0.0248692
-0.74 0.0248404
-0.73 0.0247394
-0.72 0.0247241
-0.71 0.0247882
-0.7 0.0246971
-0.69 0.024423
-0.68 0.0243505
-0.67 0.0242543
-0.66 0.0241075
-0.65 0.0239833
-0.64 0.0238788
-0.63 0.0238192
-0.62 0.0237847
-0.61 0.0237103
-0.6 0.0236767
-0.59 0.0239064
-0.58 0.0238568
-0.57 0.0237225
-0.56 0.0238279
-0.55 0.023711
-0.54 0.0236773
-0.53 0.0238406
-0.52 0.0245799
-0.51 0.0286103
-0.5 0.0385307
-0.49 0.0283227
-0.48 0.0242407
-0.47 0.0236032
-0.46 0.0234162
-0.45 0.0234868
-0.44 0.0237201
-0.43 0.0236802
-0.42 0.0239707
-0.41 0.0241188
-0.4 0.0240212
-0.39 0.0242493
-0.38 0.0243048
-0.37 0.0243681
-0.36 0.0245396
-0.35 0.0247037
-0.34 0.0248408
-0.33 0.0249726
-0.32 0.0250611
-0.31 0.0251437
-0.3 0.0253908
-0.29 0.02556
-0.28 0.0255422
-0.27 0.0256001
-0.26 0.0256465
-0.25 0.0256817
-0.24 0.0257361
-0.23 0.0257532
-0.22 0.0257784
-0.21 0.0259043
-0.2 0.0258524
-0.19 0.0256494
-0.18 0.0256494
-0.17 0.0256219
-0.16 0.0254762
-0.15 0.0253315
-0.14 0.0252474
-0.13 0.0252285
-0.12 0.0251543
-0.11 0.0250231
-0.1 0.0249525
-0.09 0.0251183
-0.08 0.0249864
-0.07 0.0248219
-0.06 0.024868
-0.05 0.0246512
-0.04 0.0245061
-0.03 0.0246672
-0.02 0.0254156
-0.01 0.0294941
8.88178e-16 0.0395747
0.01 0.0293446
0.02 0.0252108
0.03 0.0245294
0.04 0.0243168
0.05 0.0243425
0.06 0.0244696
0.07 0.0242706
0.08 0.0243549
0.09 0.0243647
0.1 0.0242438
0.11 0.0243626
0.12 0.024373
0.13 0.0243214
0.14 0.0243094
0.15 0.0242801
0.16 0.0241634
0.17 0.0240536
0.18 0.0239347
0.19 0.0237966
0.2 0.0238714
0.21 0.0238512
0.22 0.0236912
0.23 0.0236768
0.24 0.023697
0.25 0.0236911
0.26 0.0236724
0.27 0.0236113
0.28 0.023567
0.29 0.0236392
0.3 0.0235734
0.31 0.023377
0.32 0.0233279
0.33 0.0232922
0.34 0.0232286
0.35 0.023242
0.36 0.0232878
0.37 0.0233571
0.38 0.0234424
0.39 0.0234934
0.4 0.0236084
0.41 0.0239461
0.42 0.0239655
0.43 0.0238711
0.44 0.0239518
0.45 0.0239331
0.46 0.024041
0.47 0.0242552
0.48 0.025138
0.49 0.0292728
0.5 0.0389957
0.51 0.0290333
0.52 0.0252271
0.53 0.0246719
0.54 0.0243802
0.55 0.0242019
0.56 0.0242388
0.57 0.0240944
0.58 0.0242408
0.59 0.0241982
0.6 0.0240183
0.61 0.0240703
0.62 0.0239933
0.63 0.0238635
0.64 0.0238001
0.65 0.0237655
0.66 0.0236584
0.67 0.0235709
0.68 0.0234673
0.69 0.0233408
0.7 0.0233645
0.71 0.0232703
0.72 0.023146
0.73 0.0231498
0.74 0.0231729
0.75 0.0232115
0.76 0.0232756
0.77 0.0233054
0.78 0.0233562
0.79 0.0235148
0.8 0.0235354
0.81 0.0233725
0.82 0.0234139
0.83 0.0234159
0.84 0.0233685
0.85 0.0233416
0.86 0.0233264
0.87 0.0233637
0.88 0.0234172
0.89 0.0233948
0.9 0.0233717
0.91 0.0235619
0.92 0.0235464
0.93 0.0234335
0.94 0.0234591
0.95 0.0233081
0.96 0.0233606
0.97 0.0234344
0.98 0.0241463
0.99 0.028313
