-1 0.0363653
-0.99 0.0267317
-0.98 0.0230245
-0.97 0.0224677
-0.96 0.0228771
-0.95 0.0228702
-0.94 0.0228789
-0.93 0.0228755
-0.92 0.0227346
-0.91 0.0228532
-0.9 0.0229222
-0.89 0.0228546
-0.88 0.0228485
-0.87 0.0228827
-0.86 0.0228468
-0.85 0.022843
-0.84 0.0228595
-0.83 0.022864
-0.82 0.0228657
-0.81 0.0228588
-0.8 0.0229305
-0.79 0.0229252
-0.78 0.0228144
-0.77 0.022773
-0.76 0.0227959
-0.75 0.0228568
-0.74 0.022854
-0.73 0.0229123
-0.72 0.022965
-0.71 0.0230829
-0.7 0.0231047
-0.69 0.0230219
-0.68 0.0229931
-0.67 0.0229454
-0.66 0.022971
-0.65 0.0229226
-0.64 0.0228931
-0.63 0.0228433
-0.62 0.0228065
-0.61 0.0228332
-0.6 0.0228345
-0.59 0.0227316
-0.58 0.0225917
-0.57 0.0227535
-0.56 0.022703
-0.55 0.0227642
-0.54 0.0228104
-0.53 0.0223119
-0.52 0.0228487
-0.51 0.0266035
-0.5 0.0364853
-0.49 0.0268057
-0.48 0.0230298
-0.47 0.0224373
-0.46 0.0229287
-0.45 0.0230006
-0.44 0.0230428
-0.43 0.0231081
-0.42 0.0229546
-0.41 0.0230643
-0.4 0.0230989
-0.39 0.0229787
-0.38 0.0229455
-0.37 0.0229949
-0.36 0.0229529
-0.35 0.0229323
-0.34 0.0229452
-0.33 0.0229571
-0.32 0.0229944
-0.31 0.023043
-0.3 0.0231388
-0.29 0.0231859
-0.28 0.0231139
-0.27 0.0230859
-0.26 0.0230512
-0.25 0.0230152
-0.24 0.0228891
-0.23 0.0228662
-0.22 0.0228755
-0.21 0.02296
-0.2 0.0229799
-0.19 0.0228518
-0.18 0.0227971
-0.17 0.0227735
-0.16 0.0228054
-0.15 0.0227594
-0.14 0.0227607
-0.13 0.0226739
-0.12 0.0226167
-0.11 0.0226651
-0.1 0.0226293
-0.09 0.022525
-0.08 0.0224142
-0.07 0.0225491
-0.06 0.0224935
-0.05 0.0225515
-0.04 0.0225618
-0.03 0.0220186
-0.02 0.0225418
-0.01 0.0263508
8.88178e-16 0.0362878
0.01 0.0264664
0.02 0.0227074
0.03 0.0222509
0.04 0.0228817
0.05 0.0230249
0.06 0.0231006
0.07 0.0231634
0.08 0.0230349
0.09 0.0231874
0.1 0.0232512
0.11 0.0231911
0.12 0.0231824
0.13 0.0232113
0.14 0.0231667
0.15 0.0231231
0.16 0.023139
0.17 0.0231073
0.18 0.0230913
0.19 0.0230748
0.2 0.0231031
0.21 0.0230767
0.22 0.0229692
0.23 0.0229436
0.24 0.0229749
0.25 0.0229864
0.26 0.022967
0.27 0.0229835
0.28 0.0229967
0.29 0.0231067
0.3 0.0231721
0.31 0.0231
0.32 0.0231021
0.33 0.0231124
0.34 0.0231878
0.35 0.0231664
0.36 0.0231496
0.37 0.0230885
0.38 0.023081
0.39 0.0231292
0.4 0.0230793
0.41 0.0229964
0.42 0.0228953
0.43 0.0229873
0.44 0.0229139
0.45 0.0229277
0.46 0.0228688
0.47 0.0222314
0.48 0.0226536
0.49 0.0263638
0.5 0.0362308
0.51 0.0267383
0.52 0.0230004
0.53 0.0223824
0.54 0.0228597
0.55 0.0229808
0.56 0.0230131
0.57 0.0229852
0.58 0.0227773
0.59 0.0228636
0.6 0.0228839
0.61 0.0228016
0.62 0.0228508
0.63 0.0229142
0.64 0.0228785
0.65 0.0228587
0.66 0.0228707
0.67 0.0228638
0.68 0.0229319
0.69 0.0229829
0.7 0.0231075
0.71 0.0231839
0.72 0.0231732
0.73 0.0231955
0.74 0.0232136
0.75 0.0232174
0.76 0.0232039
0.77 0.023229
0.78 0.0232352
0.79 0.023309
0.8 0.023302
0.81 0.0231826
0.82 0.0231624
0.83 0.0231353
0.84 0.0231314
0.85 0.0230611
0.86 0.0230313
0.87 0.0229834
0.88 0.0229693
0.89 0.0230265
0.9 0.0230378
0.91 0.0229818
0.92 0.0228697
0.93 0.022978
0.94 0.0228926
0.95 0.0229509
0.96 0.0228973
0.97 0.0221861
0.98 0.0226156
0.99 0.0264142
