-1 0.0255709
-0.99 0.017977
-0.98 0.0154339
-0.97 0.0152059
-0.96 0.0151431
-0.95 0.0156333
-0.94 0.0156278
-0.93 0.0155236
-0.92 0.0157111
-0.91 0.0156747
-0.9 0.0157526
-0.89 0.0158179
-0.88 0.0158376
-0.87 0.0158819
-0.86 0.015913
-0.85 0.0159358
-0.84 0.0159732
-0.83 0.0160277
-0.82 0.016013
-0.81 0.0160202
-0.8 0.0161411
-0.79 0.0162088
-0.78 0.0161886
-0.77 0.0162853
-0.76 0.0162877
-0.75 0.0161713
-0.74 0.0162654
-0.73 0.0163077
-0.72 0.0163031
-0.71 0.0164203
-0.7 0.016462
-0.69 0.0164537
-0.68 0.0165062
-0.67 0.0165633
-0.66 0.0165713
-0.65 0.0166008
-0.64 0.0165963
-0.63 0.0166196
-0.62 0.0166341
-0.61 0.01667
-0.6 0.0166982
-0.59 0.0166917
-0.58 0.0166215
-0.57 0.0165815
-0.56 0.0169102
-0.55 0.0169719
-0.54 0.0164142
-0.53 0.0163364
-0.52 0.0165925
-0.51 0.0193192
-0.5 0.0275072
-0.49 0.019598
-0.48 0.0167667
-0.47 0.0165206
-0.46 0.0166039
-0.45 0.0170641
-0.44 0.0169673
-0.43 0.0168983
-0.42 0.0171178
-0.41 0.0170402
-0.4 0.0170847
-0.39 0.0170743
-0.38 0.0170004
-0.37 0.0170141
-0.36 0.0169642
-0.35 0.0169313
-0.34 0.0169068
-0.33 0.016841
-0.32 0.0167071
-0.31 0.0166432
-0.3 0.0166733
-0.29 0.0166066
-0.28 0.0164803
-0.27 0.0164536
-0.26 0.0163941
-0.25 0.0161927
-0.24 0.0162302
-0.23 0.0162265
-0.22 0.0161632
-0.21 0.0161819
-0.2 0.0160961
-0.19 0.0159944
-0.18 0.0160159
-0.17 0.0160158
-0.16 0.0160036
-0.15 0.0160174
-0.14 0.0160309
-0.13 0.0159613
-0.12 0.0159341
-0.11 0.0159569
-0.1 0.0158877
-0.09 0.0158695
-0.08 0.0157592
-0.07 0.0156367
-0.06 0.0157996
-0.05 0.015686
-0.04 0.0152307
-0.03 0.0151691
-0.02 0.0153712
-0.01 0.0181353
8.88178e-16 0.0254409
0.01 0.0177657
0.02 0.0155996
0.03 0.0154327
0.04 0.0152544
0.05 0.0157633
0.06 0.0156898
0.07 0.0155743
0.08 0.0157899
0.09 0.0157805
0.1 0.0158993
0.11 0.0159217
0.12 0.0158796
0.13 0.0159086
0.14 0.0158977
0.15 0.0159536
0.16 0.0159921
0.17 0.0160228
0.18 0.0159929
0.19 0.0159951
0.2 0.016161
0.21 0.0162038
0.22 0.0161126
0.23 0.0162088
0.24 0.0161779
0.25 0.0160786
0.26 0.0161849
0.27 0.0162202
0.28 0.0161642
0.29 0.0162164
0.3 0.0161866
0.31 0.0160953
0.32 0.0161114
0.33 0.0161775
0.34 0.0162284
0.35 0.0162636
0.36 0.0162807
0.37 0.0163065
0.38 0.0163007
0.39 0.0163587
0.4 0.0164201
0.41 0.0164486
0.42 0.01635
0.43 0.016229
0.44 0.0164058
0.45 0.0163472
0.46 0.0158819
0.47 0.0158402
0.48 0.0160397
0.49 0.0187475
0.5 0.026307
0.51 0.0185907
0.52 0.0162276
0.53 0.0160006
0.54 0.0158703
0.55 0.0163673
0.56 0.016284
0.57 0.0161421
0.58 0.0162912
0.59 0.016197
0.6 0.0162823
0.61 0.0162679
0.62 0.0162119
0.63 0.0162599
0.64 0.0162202
0.65 0.0162043
0.66 0.0161952
0.67 0.0161989
0.68 0.016144
0.69 0.0161216
0.7 0.0162283
0.71 0.0162237
0.72 0.0161382
0.73 0.0161499
0.74 0.0161022
0.75 0.0160007
0.76 0.0160855
0.77 0.0160786
0.78 0.016011
0.79 0.0160442
0.8 0.015968
0.81 0.0157936
0.82 0.0157175
0.83 0.0156809
0.84 0.015646
0.85 0.0156485
0.86 0.01566
0.87 0.0156403
0.88 0.0156015
0.89 0.0156219
0.9 0.0155495
0.91 0.0155279
0.92 0.0154372
0.93 0.0152607
0.94 0.0154909
0.95 0.0154546
0.96 0.0149571
0.97 0.0151155
0.98 0.0153268
0.99 0.0178265
