-1 0.0128464
-0.99 0.00856799
-0.98 0.00740171
-0.97 0.00748731
-0.96 0.00742157
-0.95 0.00710096
-0.94 0.00716725
-0.93 0.00721594
-0.92 0.00693033
-0.91 0.00706545
-0.9 0.00721218
-0.89 0.0070734
-0.88 0.00706033
-0.87 0.00710426
-0.86 0.00710373
-0.85 0.00713742
-0.84 0.00716778
-0.83 0.00721222
-0.82 0.00719106
-0.81 0.00720296
-0.8 0.00727424
-0.79 0.00727551
-0.78 0.00722528
-0.77 0.00724881
-0.76 0.00725549
-0.75 0.00726166
-0.74 0.00733424
-0.73 0.00737999
-0.72 0.00743739
-0.71 0.00751086
-0.7 0.00757189
-0.69 0.0076033
-0.68 0.00762455
-0.67 0.00766103
-0.66 0.00770572
-0.65 0.00774726
-0.64 0.00779601
-0.63 0.007844
-0.62 0.00790407
-0.61 0.00798766
-0.6 0.00797375
-0.59 0.00790249
-0.58 0.00792418
-0.57 0.00811757
-0.56 0.0079321
-0.55 0.00794258
-0.54 0.00821995
-0.53 0.00808386
-0.52 0.00816471
-0.51 0.00954079
-0.5 0.0138854
-0.49 0.00952069
-0.48 0.00833493
-0.47 0.00846187
-0.46 0.00845449
-0.45 0.00814554
-0.44 0.00831536
-0.43 0.00846225
-0.42 0.00821029
-0.41 0.00832507
-0.4 0.00844476
-0.39 0.00836156
-0.38 0.00845573
-0.37 0.00851791
-0.36 0.00851689
-0.35 0.00856334
-0.34 0.00861656
-0.33 0.00862842
-0.32 0.00862597
-0.31 0.00863165
-0.3 0.00866859
-0.29 0.00865582
-0.28 0.00861618
-0.27 0.00860364
-0.26 0.00855295
-0.25 0.00849842
-0.24 0.00848469
-0.23 0.00845104
-0.22 0.0084296
-0.21 0.00841951
-0.2 0.00840763
-0.19 0.00839934
-0.18 0.00836911
-0.17 0.00833819
-0.16 0.00830422
-0.15 0.00832774
-0.14 0.00840114
-0.13 0.00840593
-0.12 0.00837252
-0.11 0.00842886
-0.1 0.00840149
-0.09 0.00827671
-0.08 0.0082753
-0.07 0.00846369
-0.06 0.00820175
-0.05 0.00819644
-0.04 0.00856949
-0.03 0.00835882
-0.02 0.00816013
-0.01 0.00934452
8.88178e-16 0.0137907
0.01 0.00957766
0.02 0.00830547
0.03 0.00836216
0.04 0.00844793
0.05 0.00814179
0.06 0.0082016
0.07 0.00833362
0.08 0.00811236
0.09 0.00824541
0.1 0.00844327
0.11 0.00835951
0.12 0.008391
0.13 0.00850916
0.14 0.008532
0.15 0.00857812
0.16 0.00870705
0.17 0.00882191
0.18 0.00890808
0.19 0.00901622
0.2 0.00915811
0.21 0.00922103
0.22 0.00926033
0.23 0.00931359
0.24 0.00932883
0.25 0.00935714
0.26 0.00941114
0.27 0.00944162
0.28 0.00947416
0.29 0.00947473
0.3 0.00946599
0.31 0.00942403
0.32 0.00937914
0.33 0.00930638
0.34 0.00921488
0.35 0.00915039
0.36 0.00917126
0.37 0.00916727
0.38 0.00916389
0.39 0.00923582
0.4 0.00924279
0.41 0.00910303
0.42 0.00915112
0.43 0.00946748
0.44 0.00916427
0.45 0.00905217
0.46 0.00946184
0.47 0.0093538
0.48 0.00901886
0.49 0.0101137
0.5 0.0148778
0.51 0.0105849
0.52 0.00903176
0.53 0.00895795
0.54 0.00919161
0.55 0.00892574
0.56 0.00887168
0.57 0.00897436
0.58 0.00879421
0.59 0.00891018
0.6 0.00905457
0.61 0.00899211
0.62 0.00904383
0.63 0.00910798
0.64 0.00909347
0.65 0.00908843
0.66 0.00907155
0.67 0.00906636
0.68 0.00901575
0.69 0.00895236
0.7 0.00897119
0.71 0.0088899
0.72 0.00876406
0.73 0.00869211
0.74 0.00860042
0.75 0.00855213
0.76 0.00855223
0.77 0.00849153
0.78 0.00844058
0.79 0.00837032
0.8 0.00831423
0.81 0.00825445
0.82 0.00820847
0.83 0.00811257
0.84 0.0080393
0.85 0.00799421
0.86 0.00796231
0.87 0.00794465
0.88 0.00791334
0.89 0.00790626
0.9 0.00784386
0.91 0.00772336
0.92 0.00766501
0.93 0.00780366
0.94 0.00761346
0.95 0.00758148
0.96 0.0078002
0.97 0.00759586
0.98 0.00749711
0.99 0.00868676
