-1 0.0381129
-0.99 0.0280658
-0.98 0.0241485
-0.97 0.0237148
-0.96 0.0242406
-0.95 0.0240481
-0.94 0.0239727
-0.93 0.023948
-0.92 0.0238105
-0.91 0.0239329
-0.9 0.0239746
-0.89 0.0239923
-0.88 0.0240641
-0.87 0.0241451
-0.86 0.0241499
-0.85 0.0241927
-0.84 0.0242327
-0.83 0.0241985
-0.82 0.0241388
-0.81 0.0241487
-0.8 0.0242638
-0.79 0.02422
-0.78 0.0241511
-0.77 0.0241353
-0.76 0.0241569
-0.75 0.0241832
-0.74 0.0241286
-0.73 0.0240917
-0.72 0.0240383
-0.71 0.0241155
-0.7 0.0240722
-0.69 0.0239025
-0.68 0.0238389
-0.67 0.0238602
-0.66 0.0239013
-0.65 0.0238393
-0.64 0.0238264
-0.63 0.0238142
-0.62 0.0237814
-0.61 0.0237629
-0.6 0.0237171
-0.59 0.0236977
-0.58 0.023611
-0.57 0.0236298
-0.56 0.0236653
-0.55 0.023773
-0.54 0.0237791
-0.53 0.0232531
-0.52 0.0236623
-0.51 0.0276145
-0.5 0.0380355
-0.49 0.0274948
-0.48 0.0235474
-0.47 0.0232348
-0.46 0.0238404
-0.45 0.0236731
-0.44 0.0236492
-0.43 0.0237228
-0.42 0.0236718
-0.41 0.0238421
-0.4 0.0238317
-0.39 0.0238419
-0.38 0.0239398
-0.37 0.0240053
-0.36 0.0239556
-0.35 0.0239572
-0.34 0.0240535
-0.33 0.0240274
-0.32 0.023962
-0.31 0.0239178
-0.3 0.0239822
-0.29 0.023975
-0.28 0.0239841
-0.27 0.023952
-0.26 0.0239826
-0.25 0.0239607
-0.24 0.0238258
-0.23 0.0237491
-0.22 0.0236721
-0.21 0.0236827
-0.2 0.0236127
-0.19 0.0234135
-0.18 0.0233381
-0.17 0.0233263
-0.16 0.0233325
-0.15 0.0232889
-0.14 0.0232872
-0.13 0.0232675
-0.12 0.0232444
-0.11 0.0232801
-0.1 0.0232443
-0.09 0.0233331
-0.08 0.0233427
-0.07 0.0233273
-0.06 0.0232583
-0.05 0.0232696
-0.04 0.0232099
-0.03 0.0226364
-0.02 0.0230236
-0.01 0.0269302
8.88178e-16 0.0371182
0.01 0.0267542
0.02 0.0230557
0.03 0.0228375
0.04 0.0233813
0.05 0.0232718
0.06 0.0232601
0.07 0.0232815
0.08 0.0231899
0.09 0.0233514
0.1 0.0233391
0.11 0.0232862
0.12 0.0233425
0.13 0.0233932
0.14 0.0233671
0.15 0.0233862
0.16 0.0234365
0.17 0.0234247
0.18 0.0233212
0.19 0.0232525
0.2 0.0232655
0.21 0.0232253
0.22 0.0231524
0.23 0.0231048
0.24 0.023116
0.25 0.0231117
0.26 0.0230588
0.27 0.0230776
0.28 0.0230804
0.29 0.023204
0.3 0.0232352
0.31 0.0231755
0.32 0.0231611
0.33 0.0231939
0.34 0.0232394
0.35 0.0232366
0.36 0.0232781
0.37 0.02339
0.38 0.0234104
0.39 0.0234224
0.4 0.0233765
0.41 0.02342
0.42 0.0233504
0.43 0.0232726
0.44 0.0232518
0.45 0.0232626
0.46 0.0232375
0.47 0.022734
0.48 0.022947
0.49 0.0267119
0.5 0.0371602
0.51 0.027126
0.52 0.0233197
0.53 0.0229927
0.54 0.0236433
0.55 0.0236378
0.56 0.0236971
0.57 0.0238235
0.58 0.0238411
0.59 0.0240456
0.6 0.0240782
0.61 0.0241119
0.62 0.0241626
0.63 0.0242133
0.64 0.0242302
0.65 0.0243218
0.66 0.0243966
0.67 0.0243535
0.68 0.024253
0.69 0.024233
0.7 0.0242901
0.71 0.0242298
0.72 0.0241665
0.73 0.0241531
0.74 0.0241502
0.75 0.0241153
0.76 0.0240651
0.77 0.0240602
0.78 0.0240436
0.79 0.0241294
0.8 0.0241559
0.81 0.0240715
0.82 0.0240822
0.83 0.0241853
0.84 0.0242302
0.85 0.0241771
0.86 0.0241921
0.87 0.0242662
0.88 0.0243157
0.89 0.0244012
0.9 0.0243554
0.91 0.0243424
0.92 0.0242784
0.93 0.0242754
0.94 0.0242721
0.95 0.0242656
0.96 0.0242515
0.97 0.0237692
0.98 0.0238787
0.99 0.0275366
