-1 0.0434085
-0.99 0.0333805
-0.98 0.0292316
-0.97 0.0282299
-0.96 0.0273937
-0.95 0.0275148
-0.94 0.0277095
-0.93 0.0273719
-0.92 0.0275146
-0.91 0.0275113
-0.9 0.0272873
-0.89 0.0272829
-0.88 0.0271825
-0.87 0.0270759
-0.86 0.0270278
-0.85 0.0269338
-0.84 0.0268667
-0.83 0.0268725
-0.82 0.0269295
-0.81 0.0269979
-0.8 0.0272885
-0.79 0.0274086
-0.78 0.0274013
-0.77 0.0275846
-0.76 0.027816
-0.75 0.0279675
-0.74 0.028169
-0.73 0.0284364
-0.72 0.0286559
-0.71 0.0290693
-0.7 0.029281
-0.69 0.0291861
-0.68 0.029296
-0.67 0.0293949
-0.66 0.0293813
-0.65 0.0293969
-0.64 0.0294165
-0.63 0.0294149
-0.62 0.0293883
-0.61 0.0293348
-0.6 0.0293754
-0.59 0.0294581
-0.58 0.0294036
-0.57 0.0292165
-0.56 0.0294323
-0.55 0.029143
-0.54 0.0286938
-0.53 0.0290062
-0.52 0.0297165
-0.51 0.0338273
-0.5 0.0433512
-0.49 0.0323756
-0.48 0.0277799
-0.47 0.0265776
-0.46 0.0256404
-0.45 0.0255017
-0.44 0.0253984
-0.43 0.0248912
-0.42 0.0248023
-0.41 0.0244351
-0.4 0.0240208
-0.39 0.0238109
-0.38 0.0234756
-0.37 0.0230927
-0.36 0.0226648
-0.35 0.0221752
-0.34 0.0216401
-0.33 0.0211386
-0.32 0.0206055
-0.31 0.0201279
-0.3 0.0198475
-0.29 0.0194067
-0.28 0.0188454
-0.27 0.0184863
-0.26 0.0181766
-0.25 0.0178173
-0.24 0.0175875
-0.23 0.0174627
-0.22 0.0172693
-0.21 0.0173049
-0.2 0.0171911
-0.19 0.0169189
-0.18 0.0168126
-0.17 0.0168058
-0.16 0.0167554
-0.15 0.0167583
-0.14 0.0167071
-0.13 0.0166095
-0.12 0.0165675
-0.11 0.0165314
-0.1 0.0165697
-0.09 0.0166073
-0.08 0.0165525
-0.07 0.0165455
-0.06 0.0167083
-0.05 0.0165074
-0.04 0.0163177
-0.03 0.0163808
-0.02 0.0168526
-0.01 0.0200232
8.88178e-16 0.0274055
0.01 0.0194692
0.02 0.0169874
0.03 0.0165486
0.04 0.0162503
0.05 0.0166342
0.06 0.0167262
0.07 0.0165018
0.08 0.0167328
0.09 0.0167022
0.1 0.0166284
0.11 0.0166939
0.12 0.0167207
0.13 0.0167448
0.14 0.016808
0.15 0.016834
0.16 0.0168649
0.17 0.0169004
0.18 0.016904
0.19 0.0169612
0.2 0.0172282
0.21 0.0173373
0.22 0.0172868
0.23 0.0174034
0.24 0.0176014
0.25 0.0177885
0.26 0.0180357
0.27 0.0183579
0.28 0.0186851
0.29 0.019206
0.3 0.0195944
0.31 0.0197945
0.32 0.0201909
0.33 0.0206701
0.34 0.0210053
0.35 0.0213222
0.36 0.0216576
0.37 0.0219509
0.38 0.0221941
0.39 0.0224158
0.4 0.022769
0.41 0.0232479
0.42 0.0235461
0.43 0.023899
0.44 0.0245487
0.45 0.0248283
0.46 0.0251823
0.47 0.0260127
0.48 0.0273566
0.49 0.032005
0.5 0.0416875
0.51 0.0321219
0.52 0.0284186
0.53 0.0274759
0.54 0.0270832
0.55 0.0276493
0.56 0.0279106
0.57 0.0277513
0.58 0.0280567
0.59 0.0281455
0.6 0.0280132
0.61 0.0279917
0.62 0.0279134
0.63 0.027878
0.64 0.0277702
0.65 0.0275831
0.66 0.0274156
0.67 0.027241
0.68 0.0270944
0.69 0.0269993
0.7 0.0271093
0.71 0.027003
0.72 0.0267299
0.73 0.0266541
0.74 0.0265939
0.75 0.0265621
0.76 0.0266239
0.77 0.0267777
0.78 0.0269359
0.79 0.0272589
0.8 0.0274188
0.81 0.0273511
0.82 0.0274466
0.83 0.0275628
0.84 0.0275422
0.85 0.0276028
0.86 0.0276754
0.87 0.0276944
0.88 0.0277072
0.89 0.0277291
0.9 0.0277818
0.91 0.0279002
0.92 0.0279476
0.93 0.0279848
0.94 0.0283687
0.95 0.0282221
0.96 0.0280924
0.97 0.0290345
0.98 0.0301279
0.99 0.034134
