-1 0.0462646
-0.99 0.0342978
-0.98 0.0295444
-0.97 0.0288366
-0.96 0.0294636
-0.95 0.029303
-0.94 0.0291822
-0.93 0.0294169
-0.92 0.0295983
-0.91 0.0297813
-0.9 0.0298058
-0.89 0.0297552
-0.88 0.0297261
-0.87 0.0297239
-0.86 0.0296939
-0.85 0.0296796
-0.84 0.0296396
-0.83 0.0295543
-0.82 0.0295723
-0.81 0.0295873
-0.8 0.0296905
-0.79 0.0296855
-0.78 0.0295913
-0.77 0.0296349
-0.76 0.0297338
-0.75 0.0298317
-0.74 0.0296985
-0.73 0.0296555
-0.72 0.029693
-0.71 0.0298634
-0.7 0.0299022
-0.69 0.0297649
-0.68 0.0297191
-0.67 0.0297477
-0.66 0.0297994
-0.65 0.0296958
-0.64 0.0296731
-0.63 0.0297313
-0.62 0.0297098
-0.61 0.029643
-0.6 0.0296154
-0.59 0.0295775
-0.58 0.0294426
-0.57 0.0294237
-0.56 0.0294056
-0.55 0.0294906
-0.54 0.0293996
-0.53 0.0288116
-0.52 0.0298309
-0.51 0.0348855
-0.5 0.0469104
-0.49 0.0347226
-0.48 0.0298432
-0.47 0.029087
-0.46 0.0297629
-0.45 0.0297219
-0.44 0.0297204
-0.43 0.0299209
-0.42 0.0299982
-0.41 0.030049
-0.4 0.0299917
-0.39 0.0299561
-0.38 0.0299385
-0.37 0.0298931
-0.36 0.0298592
-0.35 0.0298788
-0.34 0.0298946
-0.33 0.0298436
-0.32 0.0298201
-0.31 0.0298032
-0.3 0.0298998
-0.29 0.0298974
-0.28 0.0298861
-0.27 0.029949
-0.26 0.0299733
-0.25 0.0300434
-0.24 0.0298802
-0.23 0.0298219
-0.22 0.0298266
-0.21 0.0299388
-0.2 0.0299642
-0.19 0.0298199
-0.18 0.0297467
-0.17 0.0297278
-0.16 0.0297635
-0.15 0.0296962
-0.14 0.0297206
-0.13 0.0297704
-0.12 0.0297194
-0.11 0.0296796
-0.1 0.0296512
-0.09 0.0296009
-0.08 0.0295675
-0.07 0.0295902
-0.06 0.0295209
-0.05 0.029537
-0.04 0.0293193
-0.03 0.0286292
-0.02 0.02954
-0.01 0.0344542
8.88178e-16 0.046379
0.01 0.0342484
0.02 0.0294182
0.03 0.0286364
0.04 0.0292143
0.05 0.0291232
0.06 0.0291015
0.07 0.0292928
0.08 0.029363
0.09 0.0294453
0.1 0.02947
0.11 0.029471
0.12 0.0294837
0.13 0.0295136
0.14 0.0295434
0.15 0.0295798
0.16 0.0296538
0.17 0.0295931
0.18 0.0295856
0.19 0.0296145
0.2 0.0297349
0.21 0.0297181
0.22 0.0296183
0.23 0.0296296
0.24 0.0296955
0.25 0.0298155
0.26 0.0297561
0.27 0.0298075
0.28 0.0298409
0.29 0.0300094
0.3 0.0300781
0.31 0.0299449
0.32 0.0299016
0.33 0.0299177
0.34 0.0299849
0.35 0.0299659
0.36 0.0300351
0.37 0.0301555
0.38 0.0301783
0.39 0.0301645
0.4 0.0301715
0.41 0.030163
0.42 0.0301137
0.43 0.0301216
0.44 0.030016
0.45 0.0299596
0.46 0.0298233
0.47 0.0292003
0.48 0.0300259
0.49 0.0349833
0.5 0.0472285
0.51 0.0351872
0.52 0.0301975
0.53 0.0292481
0.54 0.0297649
0.55 0.0296766
0.56 0.0296327
0.57 0.0297973
0.58 0.0299091
0.59 0.0300378
0.6 0.0299915
0.61 0.0299203
0.62 0.0299342
0.63 0.0299729
0.64 0.0299536
0.65 0.0299444
0.66 0.0299666
0.67 0.0299115
0.68 0.0299575
0.69 0.0299967
0.7 0.0301249
0.71 0.0300943
0.72 0.0299193
0.73 0.02989
0.74 0.0298376
0.75 0.0298408
0.76 0.029674
0.77 0.0296392
0.78 0.0295907
0.79 0.0296802
0.8 0.0297348
0.81 0.0296063
0.82 0.0295776
0.83 0.0296012
0.84 0.0296769
0.85 0.0295967
0.86 0.0295881
0.87 0.0295994
0.88 0.0295457
0.89 0.0294932
0.9 0.0295025
0.91 0.0295002
0.92 0.0294743
0.93 0.0294984
0.94 0.029435
0.95 0.029443
0.96 0.0293264
0.97 0.0286848
0.98 0.0294853
0.99 0.0342915
