-1 0.042277
-0.99 0.0310182
-0.98 0.0268738
-0.97 0.0266375
-0.96 0.0273551
-0.95 0.0273291
-0.94 0.0273634
-0.93 0.0274233
-0.92 0.027382
-0.91 0.0274514
-0.9 0.0274041
-0.89 0.0272707
-0.88 0.0272677
-0.87 0.0273246
-0.86 0.0273259
-0.85 0.0272929
-0.84 0.0273383
-0.83 0.027322
-0.82 0.0272785
-0.81 0.0273608
-0.8 0.0275072
-0.79 0.0275268
-0.78 0.0274776
-0.77 0.027532
-0.76 0.0275322
-0.75 0.0276354
-0.74 0.0275707
-0.73 0.0275557
-0.72 0.02756
-0.71 0.0276742
-0.7 0.02775
-0.69 0.027854
-0.68 0.0279477
-0.67 0.0280709
-0.66 0.0281628
-0.65 0.0282328
-0.64 0.0282689
-0.63 0.0282348
-0.62 0.0281763
-0.61 0.0281865
-0.6 0.0282274
-0.59 0.0281284
-0.58 0.0280096
-0.57 0.0281117
-0.56 0.0279132
-0.55 0.0278694
-0.54 0.0278265
-0.53 0.0267939
-0.52 0.0270361
-0.51 0.0314343
-0.5 0.0430959
-0.49 0.0315196
-0.48 0.0272224
-0.47 0.027008
-0.46 0.0278155
-0.45 0.0278138
-0.44 0.0278567
-0.43 0.0279267
-0.42 0.0278818
-0.41 0.0280082
-0.4 0.0281182
-0.39 0.0281005
-0.38 0.0280866
-0.37 0.0280624
-0.36 0.0281172
-0.35 0.0281782
-0.34 0.0282393
-0.33 0.0282568
-0.32 0.0282293
-0.31 0.028244
-0.3 0.0283514
-0.29 0.0283769
-0.28 0.0283854
-0.27 0.0284833
-0.26 0.0285463
-0.25 0.0286619
-0.24 0.0286334
-0.23 0.0287153
-0.22 0.0288026
-0.21 0.0289233
-0.2 0.0290163
-0.19 0.0290799
-0.18 0.0291359
-0.17 0.0291487
-0.16 0.0291227
-0.15 0.0290565
-0.14 0.0290578
-0.13 0.0290056
-0.12 0.028929
-0.11 0.0289148
-0.1 0.0289321
-0.09 0.0288072
-0.08 0.0286797
-0.07 0.0288218
-0.06 0.0286748
-0.05 0.0286523
-0.04 0.028611
-0.03 0.0275196
-0.02 0.0275935
-0.01 0.0319403
8.88178e-16 0.0439304
0.01 0.0324196
0.02 0.0279585
0.03 0.0276712
0.04 0.0285487
0.05 0.0285767
0.06 0.0286426
0.07 0.0287323
0.08 0.0286779
0.09 0.0287748
0.1 0.0288379
0.11 0.0288383
0.12 0.0288235
0.13 0.0288591
0.14 0.0288965
0.15 0.0288994
0.16 0.0289323
0.17 0.0289828
0.18 0.029057
0.19 0.0291362
0.2 0.0292958
0.21 0.0294201
0.22 0.029444
0.23 0.0295421
0.24 0.029625
0.25 0.0297856
0.26 0.0297857
0.27 0.029866
0.28 0.0299032
0.29 0.0299317
0.3 0.0299501
0.31 0.0299424
0.32 0.0298689
0.33 0.029822
0.34 0.0297773
0.35 0.0297147
0.36 0.0296565
0.37 0.029578
0.38 0.0295131
0.39 0.0294631
0.4 0.0294137
0.41 0.029301
0.42 0.0292385
0.43 0.0293899
0.44 0.0292324
0.45 0.0292028
0.46 0.0292112
0.47 0.0283099
0.48 0.0286066
0.49 0.0330291
0.5 0.0448044
0.51 0.0333835
0.52 0.0289066
0.53 0.0283308
0.54 0.0288947
0.55 0.0287273
0.56 0.028604
0.57 0.0285065
0.58 0.0283004
0.59 0.0283251
0.6 0.0282693
0.61 0.0281641
0.62 0.0281242
0.63 0.0281685
0.64 0.0281627
0.65 0.0281491
0.66 0.0281739
0.67 0.0281047
0.68 0.0280346
0.69 0.0280302
0.7 0.0281005
0.71 0.0280712
0.72 0.027981
0.73 0.0279555
0.74 0.0278712
0.75 0.0279144
0.76 0.0278285
0.77 0.0278836
0.78 0.0279242
0.79 0.0279436
0.8 0.027922
0.81 0.0279258
0.82 0.0278602
0.83 0.0278337
0.84 0.0277524
0.85 0.027685
0.86 0.0276625
0.87 0.0275922
0.88 0.027493
0.89 0.0274485
0.9 0.0274801
0.91 0.027452
0.92 0.0273948
0.93 0.0275979
0.94 0.0274265
0.95 0.0273722
0.96 0.027337
0.97 0.0263513
0.98 0.0266047
0.99 0.0308764
