-1 0.0341634
-0.99 0.0251471
-0.98 0.0216094
-0.97 0.0211504
-0.96 0.0212157
-0.95 0.0211984
-0.94 0.0213452
-0.93 0.0213965
-0.92 0.0214463
-0.91 0.0214855
-0.9 0.0213919
-0.89 0.0214547
-0.88 0.0214933
-0.87 0.0215104
-0.86 0.021512
-0.85 0.0215234
-0.84 0.0214889
-0.83 0.0214818
-0.82 0.0214765
-0.81 0.0214653
-0.8 0.0215698
-0.79 0.0216003
-0.78 0.0215222
-0.77 0.0215319
-0.76 0.0215291
-0.75 0.0215483
-0.74 0.0216181
-0.73 0.0216171
-0.72 0.0216381
-0.71 0.021837
-0.7 0.0219111
-0.69 0.021785
-0.68 0.0218108
-0.67 0.0218341
-0.66 0.0218204
-0.65 0.0218072
-0.64 0.0218154
-0.63 0.0218055
-0.62 0.0217783
-0.61 0.021735
-0.6 0.0217404
-0.59 0.0219003
-0.58 0.0218011
-0.57 0.0216492
-0.56 0.0215691
-0.55 0.0214739
-0.54 0.0214725
-0.53 0.0214933
-0.52 0.0220554
-0.51 0.0255935
-0.5 0.0348237
-0.49 0.0256171
-0.48 0.0220489
-0.47 0.0216316
-0.46 0.0216939
-0.45 0.0216896
-0.44 0.0218273
-0.43 0.0218473
-0.42 0.0220363
-0.41 0.0221414
-0.4 0.0219963
-0.39 0.022041
-0.38 0.0219998
-0.37 0.0219474
-0.36 0.0220154
-0.35 0.0220822
-0.34 0.0220434
-0.33 0.0220489
-0.32 0.0220896
-0.31 0.022084
-0.3 0.0222112
-0.29 0.0222669
-0.28 0.0221831
-0.27 0.0221234
-0.26 0.0220804
-0.25 0.0220406
-0.24 0.0220342
-0.23 0.0219684
-0.22 0.0219344
-0.21 0.0220399
-0.2 0.02204
-0.19 0.021879
-0.18 0.0218805
-0.17 0.0218796
-0.16 0.0218642
-0.15 0.021873
-0.14 0.0218543
-0.13 0.0217971
-0.12 0.0217833
-0.11 0.0217428
-0.1 0.0217063
-0.09 0.0218849
-0.08 0.0217831
-0.07 0.0216574
-0.06 0.0217627
-0.05 0.0216199
-0.04 0.0215998
-0.03 0.0218824
-0.02 0.0222877
-0.01 0.0255701
8.88178e-16 0.0351374
0.01 0.0261286
0.02 0.0223911
0.03 0.0220724
0.04 0.0221123
0.05 0.022017
0.06 0.0222562
0.07 0.0222569
0.08 0.0223948
0.09 0.0224921
0.1 0.0223158
0.11 0.0224078
0.12 0.0224642
0.13 0.0224859
0.14 0.0225612
0.15 0.022637
0.16 0.0226426
0.17 0.0226829
0.18 0.0226914
0.19 0.0226496
0.2 0.0227443
0.21 0.0227721
0.22 0.0226649
0.23 0.0226425
0.24 0.0226848
0.25 0.0226537
0.26 0.0226081
0.27 0.0225522
0.28 0.0225008
0.29 0.0225545
0.3 0.022523
0.31 0.0224218
0.32 0.0224593
0.33 0.0224661
0.34 0.0224217
0.35 0.0224466
0.36 0.0224779
0.37 0.022546
0.38 0.0226375
0.39 0.0227036
0.4 0.0227319
0.41 0.0229347
0.42 0.0229035
0.43 0.0228571
0.44 0.0230132
0.45 0.0228632
0.46 0.0228669
0.47 0.0232376
0.48 0.0235768
0.49 0.0267878
0.5 0.0366535
0.51 0.0274534
0.52 0.0234026
0.53 0.022909
0.54 0.0229756
0.55 0.0228573
0.56 0.0231799
0.57 0.0232834
0.58 0.023331
0.59 0.0234154
0.6 0.0231962
0.61 0.0230988
0.62 0.0229661
0.63 0.022771
0.64 0.0225938
0.65 0.0224706
0.66 0.0223608
0.67 0.0222846
0.68 0.0221926
0.69 0.0221439
0.7 0.0221949
0.71 0.0221448
0.72 0.0220279
0.73 0.0219984
0.74 0.0219793
0.75 0.0219705
0.76 0.0219638
0.77 0.0219096
0.78 0.0218899
0.79 0.0220089
0.8 0.0220009
0.81 0.0218297
0.82 0.0218118
0.83 0.0217852
0.84 0.0217567
0.85 0.0217783
0.86 0.0217454
0.87 0.0217583
0.88 0.0217187
0.89 0.0216331
0.9 0.0216318
0.91 0.0217954
0.92 0.0217244
0.93 0.0216948
0.94 0.0216408
0.95 0.0213694
0.96 0.0212705
0.97 0.021234
0.98 0.0217238
0.99 0.0251103
