-1 0.0350387
-0.99 0.0250458
-0.98 0.0215165
-0.97 0.0213391
-0.96 0.0218805
-0.95 0.0217272
-0.94 0.0217456
-0.93 0.0219328
-0.92 0.0217482
-0.91 0.0218095
-0.9 0.0218706
-0.89 0.0217102
-0.88 0.0217328
-0.87 0.0218375
-0.86 0.0218228
-0.85 0.0218132
-0.84 0.021868
-0.83 0.0218365
-0.82 0.0217915
-0.81 0.0218077
-0.8 0.0219184
-0.79 0.0219333
-0.78 0.021906
-0.77 0.0219518
-0.76 0.0219815
-0.75 0.0221363
-0.74 0.0221717
-0.73 0.0222454
-0.72 0.0222808
-0.71 0.022389
-0.7 0.0223657
-0.69 0.0222456
-0.68 0.022232
-0.67 0.0222326
-0.66 0.0222168
-0.65 0.0221785
-0.64 0.0222096
-0.63 0.0221546
-0.62 0.0220941
-0.61 0.0221212
-0.6 0.0221038
-0.59 0.0219588
-0.58 0.0219265
-0.57 0.0220787
-0.56 0.0217539
-0.55 0.0216529
-0.54 0.0216641
-0.53 0.0210541
-0.52 0.0213464
-0.51 0.0249938
-0.5 0.0350643
-0.49 0.024913
-0.48 0.0213374
-0.47 0.0212115
-0.46 0.0218795
-0.45 0.0218569
-0.44 0.0219245
-0.43 0.02213
-0.42 0.0220114
-0.41 0.0221134
-0.4 0.0221849
-0.39 0.0220404
-0.38 0.0220027
-0.37 0.0220534
-0.36 0.0220203
-0.35 0.0219737
-0.34 0.0220203
-0.33 0.0220004
-0.32 0.0219818
-0.31 0.0219697
-0.3 0.0220259
-0.29 0.0220073
-0.28 0.0219424
-0.27 0.0219547
-0.26 0.02197
-0.25 0.0220803
-0.24 0.0220191
-0.23 0.021984
-0.22 0.0219847
-0.21 0.0221027
-0.2 0.0221097
-0.19 0.0219965
-0.18 0.0219647
-0.17 0.0219948
-0.16 0.0220134
-0.15 0.0219929
-0.14 0.0220332
-0.13 0.0220231
-0.12 0.0219768
-0.11 0.0220348
-0.1 0.0220085
-0.09 0.0218425
-0.08 0.0217618
-0.07 0.0219111
-0.06 0.0216815
-0.05 0.0217297
-0.04 0.0218286
-0.03 0.021276
-0.02 0.021692
-0.01 0.0254706
8.88178e-16 0.0356578
0.01 0.0256061
0.02 0.0221199
0.03 0.0220963
0.04 0.0227916
0.05 0.0226619
0.06 0.0226253
0.07 0.0227411
0.08 0.0225325
0.09 0.0225594
0.1 0.0225806
0.11 0.0224531
0.12 0.0224327
0.13 0.0224899
0.14 0.0224224
0.15 0.0223402
0.16 0.0223846
0.17 0.0224182
0.18 0.0224692
0.19 0.0225511
0.2 0.0227344
0.21 0.0228168
0.22 0.0228005
0.23 0.0228092
0.24 0.0227556
0.25 0.0227797
0.26 0.0227085
0.27 0.0226808
0.28 0.0226395
0.29 0.0226926
0.3 0.022658
0.31 0.0225244
0.32 0.0225014
0.33 0.0224838
0.34 0.0224517
0.35 0.0224377
0.36 0.0224889
0.37 0.0224506
0.38 0.022389
0.39 0.0224576
0.4 0.0224314
0.41 0.0222058
0.42 0.0220948
0.43 0.0222613
0.44 0.0220009
0.45 0.0219873
0.46 0.022113
0.47 0.0216357
0.48 0.022059
0.49 0.0259274
0.5 0.0363257
0.51 0.0261056
0.52 0.0224079
0.53 0.0221593
0.54 0.0227435
0.55 0.0226788
0.56 0.0226579
0.57 0.0227762
0.58 0.0225433
0.59 0.0225143
0.6 0.0224519
0.61 0.0222411
0.62 0.0221712
0.63 0.0221601
0.64 0.0220942
0.65 0.0220339
0.66 0.0220514
0.67 0.0220575
0.68 0.0220135
0.69 0.022018
0.7 0.022141
0.71 0.0222127
0.72 0.0222206
0.73 0.0222915
0.74 0.0222665
0.75 0.0223591
0.76 0.0222923
0.77 0.022297
0.78 0.0223387
0.79 0.0224637
0.8 0.0224917
0.81 0.0223977
0.82 0.0224097
0.83 0.0224408
0.84 0.0224301
0.85 0.0224315
0.86 0.0224871
0.87 0.0224682
0.88 0.0224212
0.89 0.0224748
0.9 0.0224538
0.91 0.0222551
0.92 0.0221436
0.93 0.0223122
0.94 0.022021
0.95 0.0219517
0.96 0.0219453
0.97 0.021305
0.98 0.0214927
0.99 0.0250251
