-1 0.0872245
-0.99 0.0705801
-0.98 0.0628353
-0.97 0.0620669
-0.96 0.0636372
-0.95 0.06373
-0.94 0.0635461
-0.93 0.0635021
-0.92 0.0635825
-0.91 0.0638085
-0.9 0.0641556
-0.89 0.0644867
-0.88 0.0648361
-0.87 0.0651297
-0.86 0.0654342
-0.85 0.0656226
-0.84 0.0657744
-0.83 0.0658488
-0.82 0.0658262
-0.81 0.0658542
-0.8 0.0658548
-0.79 0.0658244
-0.78 0.0658331
-0.77 0.0659783
-0.76 0.0660796
-0.75 0.0661971
-0.74 0.0663075
-0.73 0.0665291
-0.72 0.0666481
-0.71 0.0668356
-0.7 0.0669203
-0.69 0.0670471
-0.68 0.0671529
-0.67 0.0672715
-0.66 0.067438
-0.65 0.0677245
-0.64 0.0678919
-0.63 0.0681167
-0.62 0.0682404
-0.61 0.068115
-0.6 0.0681245
-0.59 0.0679959
-0.58 0.0674476
-0.57 0.0670367
-0.56 0.0669784
-0.55 0.0666249
-0.54 0.0655667
-0.53 0.0631925
-0.52 0.0628843
-0.51 0.068822
-0.5 0.0829945
-0.49 0.0655808
-0.48 0.0566686
-0.47 0.0538202
-0.46 0.0528352
-0.45 0.0508779
-0.44 0.0489338
-0.43 0.0469963
-0.42 0.0450553
-0.41 0.0431964
-0.4 0.0413623
-0.39 0.0394796
-0.38 0.0376706
-0.37 0.0360683
-0.36 0.0344541
-0.35 0.0329102
-0.34 0.0314933
-0.33 0.0300497
-0.32 0.0287748
-0.31 0.0276409
-0.3 0.0266205
-0.29 0.0255805
-0.28 0.0246157
-0.27 0.0238659
-0.26 0.0232025
-0.25 0.0226414
-0.24 0.0221336
-0.23 0.0217551
-0.22 0.0214198
-0.21 0.0212035
-0.2 0.0210025
-0.19 0.0208423
-0.18 0.020756
-0.17 0.0207284
-0.16 0.0207023
-0.15 0.0206719
-0.14 0.0205589
-0.13 0.0204796
-0.12 0.0204327
-0.11 0.0203372
-0.1 0.0203296
-0.09 0.0203249
-0.08 0.0202787
-0.07 0.0201955
-0.06 0.0200958
-0.05 0.020139
-0.04 0.0202457
-0.03 0.0194153
-0.02 0.0195203
-0.01 0.0228721
8.88178e-16 0.031764
0.01 0.0230169
0.02 0.0200619
0.03 0.0199097
0.04 0.0202197
0.05 0.0200915
0.06 0.020271
0.07 0.0204358
0.08 0.0204606
0.09 0.0206002
0.1 0.0206941
0.11 0.0206959
0.12 0.0207662
0.13 0.0208632
0.14 0.0209594
0.15 0.0210824
0.16 0.0212556
0.17 0.0213686
0.18 0.0214989
0.19 0.0217001
0.2 0.0219489
0.21 0.0221389
0.22 0.0222792
0.23 0.0225634
0.24 0.0228446
0.25 0.023216
0.26 0.0236274
0.27 0.0241281
0.28 0.0246289
0.29 0.0252252
0.3 0.0258625
0.31 0.0265398
0.32 0.0272539
0.33 0.0280581
0.34 0.028897
0.35 0.0298
0.36 0.0305793
0.37 0.0314055
0.38 0.0322553
0.39 0.0330488
0.4 0.0339727
0.41 0.0350403
0.42 0.036066
0.43 0.0371675
0.44 0.0385189
0.45 0.0397654
0.46 0.0406459
0.47 0.0405574
0.48 0.0423934
0.49 0.049492
0.5 0.0641576
0.51 0.0517398
0.52 0.0465578
0.53 0.0466381
0.54 0.0488252
0.55 0.0498362
0.56 0.0505447
0.57 0.0514539
0.58 0.0523317
0.59 0.05308
0.6 0.0538123
0.61 0.0543472
0.62 0.0549405
0.63 0.0554855
0.64 0.0559405
0.65 0.0562485
0.66 0.0565817
0.67 0.0567328
0.68 0.0567694
0.69 0.056924
0.7 0.0571431
0.71 0.0572531
0.72 0.0573794
0.73 0.0576115
0.74 0.0577807
0.75 0.0580592
0.76 0.0582867
0.77 0.0586877
0.78 0.0591373
0.79 0.0595975
0.8 0.0600791
0.81 0.0606896
0.82 0.0613538
0.83 0.0620781
0.84 0.0629405
0.85 0.0638206
0.86 0.0644692
0.87 0.0652163
0.88 0.0658832
0.89 0.0662437
0.9 0.0666758
0.91 0.0669465
0.92 0.0666885
0.93 0.0666086
0.94 0.0668773
0.95 0.0666377
0.96 0.0662644
0.97 0.065026
0.98 0.065416
0.99 0.0720734
