-1 0.0683285
-0.99 0.05554
-0.98 0.0500702
-0.97 0.0487134
-0.96 0.0479965
-0.95 0.0484724
-0.94 0.0485844
-0.93 0.0481733
-0.92 0.0483748
-0.91 0.0483129
-0.9 0.0479598
-0.89 0.0478144
-0.88 0.0476211
-0.87 0.0474588
-0.86 0.0473614
-0.85 0.0471648
-0.84 0.0470068
-0.83 0.0469401
-0.82 0.0467711
-0.81 0.0466661
-0.8 0.0468054
-0.79 0.0467197
-0.78 0.0464288
-0.77 0.0463572
-0.76 0.0462398
-0.75 0.0460074
-0.74 0.0459534
-0.73 0.0458938
-0.72 0.0458095
-0.71 0.0460331
-0.7 0.0460815
-0.69 0.045846
-0.68 0.0458697
-0.67 0.0459928
-0.66 0.0460179
-0.65 0.0460354
-0.64 0.0459229
-0.63 0.0458065
-0.62 0.045676
-0.61 0.045568
-0.6 0.0455023
-0.59 0.0455998
-0.58 0.0453742
-0.57 0.044954
-0.56 0.045138
-0.55 0.0446115
-0.54 0.0439104
-0.53 0.0444673
-0.52 0.0455954
-0.51 0.0509035
-0.5 0.0627751
-0.49 0.0499143
-0.48 0.0437485
-0.47 0.0416343
-0.46 0.0404874
-0.45 0.0403119
-0.44 0.0396811
-0.43 0.0385898
-0.42 0.0379991
-0.41 0.0371286
-0.4 0.0360066
-0.39 0.0349289
-0.38 0.0338018
-0.37 0.0326626
-0.36 0.0314648
-0.35 0.0302298
-0.34 0.029067
-0.33 0.0279991
-0.32 0.0269405
-0.31 0.0260066
-0.3 0.0253481
-0.29 0.0246308
-0.28 0.0238435
-0.27 0.0233477
-0.26 0.0228925
-0.25 0.0225282
-0.24 0.0222598
-0.23 0.022083
-0.22 0.021886
-0.21 0.0219318
-0.2 0.0218726
-0.19 0.0216098
-0.18 0.0215342
-0.17 0.0215474
-0.16 0.0214893
-0.15 0.0214354
-0.14 0.0214206
-0.13 0.0214327
-0.12 0.0213867
-0.11 0.0213489
-0.1 0.0213598
-0.09 0.0213704
-0.08 0.0213839
-0.07 0.0213314
-0.06 0.0215523
-0.05 0.0214442
-0.04 0.0211231
-0.03 0.0213546
-0.02 0.0219957
-0.01 0.0250962
8.88178e-16 0.0330533
0.01 0.0251575
0.02 0.0221584
0.03 0.0216017
0.04 0.0214176
0.05 0.0217372
0.06 0.0219039
0.07 0.0217763
0.08 0.0219438
0.09 0.0219139
0.1 0.0218074
0.11 0.0218219
0.12 0.0218028
0.13 0.0218239
0.14 0.0218234
0.15 0.0218086
0.16 0.0218097
0.17 0.0218402
0.18 0.0218665
0.19 0.0218899
0.2 0.022087
0.21 0.022158
0.22 0.0221019
0.23 0.0222669
0.24 0.0224348
0.25 0.0226615
0.26 0.0230184
0.27 0.0234529
0.28 0.0238821
0.29 0.0245692
0.3 0.0251624
0.31 0.0256486
0.32 0.0264532
0.33 0.0274118
0.34 0.0284085
0.35 0.0294931
0.36 0.0305997
0.37 0.0318117
0.38 0.0330167
0.39 0.0342107
0.4 0.0354954
0.41 0.0368205
0.42 0.037882
0.43 0.0388274
0.44 0.0401923
0.45 0.0408956
0.46 0.0414016
0.47 0.0430147
0.48 0.0455445
0.49 0.0521837
0.5 0.0648632
0.51 0.052672
0.52 0.047394
0.53 0.0461511
0.54 0.0458872
0.55 0.04653
0.56 0.0468543
0.57 0.0468866
0.58 0.047422
0.59 0.0476356
0.6 0.0476097
0.61 0.0477562
0.62 0.0478594
0.63 0.0480203
0.64 0.0481499
0.65 0.0481108
0.66 0.048132
0.67 0.0481808
0.68 0.0481344
0.69 0.0480909
0.7 0.0482406
0.71 0.0481744
0.72 0.0479029
0.73 0.0478074
0.74 0.0477158
0.75 0.0475056
0.76 0.0474195
0.77 0.0474015
0.78 0.047264
0.79 0.0473685
0.8 0.0473357
0.81 0.0470836
0.82 0.0470908
0.83 0.0472138
0.84 0.0472619
0.85 0.0473652
0.86 0.0474022
0.87 0.0474178
0.88 0.0474176
0.89 0.047401
0.9 0.0474483
0.91 0.0475899
0.92 0.0474534
0.93 0.04737
0.94 0.0478926
0.95 0.047637
0.96 0.0472032
0.97 0.0479863
0.98 0.0495853
0.99 0.0557471
