-1 0.034854
-0.99 0.0259161
-0.98 0.0227237
-0.97 0.0224431
-0.96 0.0224578
-0.95 0.0225042
-0.94 0.0226549
-0.93 0.0226469
-0.92 0.0227968
-0.91 0.0227906
-0.9 0.0226507
-0.89 0.0227523
-0.88 0.022726
-0.87 0.0226951
-0.86 0.0227554
-0.85 0.0228534
-0.84 0.0228956
-0.83 0.0229665
-0.82 0.0230084
-0.81 0.0230162
-0.8 0.0231523
-0.79 0.0232031
-0.78 0.0231559
-0.77 0.0232261
-0.76 0.0232968
-0.75 0.0233364
-0.74 0.0233995
-0.73 0.0234619
-0.72 0.0235598
-0.71 0.023771
-0.7 0.0238658
-0.69 0.0237877
-0.68 0.0238195
-0.67 0.0238352
-0.66 0.023817
-0.65 0.0237954
-0.64 0.0237852
-0.63 0.0237811
-0.62 0.0237758
-0.61 0.0237116
-0.6 0.0236616
-0.59 0.0238201
-0.58 0.0236951
-0.57 0.0235262
-0.56 0.0235339
-0.55 0.0234139
-0.54 0.0233914
-0.53 0.0232961
-0.52 0.0237564
-0.51 0.0272562
-0.5 0.0359499
-0.49 0.0266125
-0.48 0.0234858
-0.47 0.0233337
-0.46 0.0233061
-0.45 0.0233785
-0.44 0.0234829
-0.43 0.0233449
-0.42 0.0235063
-0.41 0.0234952
-0.4 0.0233306
-0.39 0.0234822
-0.38 0.023475
-0.37 0.0234152
-0.36 0.0233881
-0.35 0.0233978
-0.34 0.0233276
-0.33 0.0232694
-0.32 0.0232311
-0.31 0.0231653
-0.3 0.0232377
-0.29 0.0232008
-0.28 0.0230787
-0.27 0.0230866
-0.26 0.0230793
-0.25 0.0230503
-0.24 0.0230414
-0.23 0.0230113
-0.22 0.023061
-0.21 0.023212
-0.2 0.0232305
-0.19 0.0230808
-0.18 0.0230728
-0.17 0.0230449
-0.16 0.0230154
-0.15 0.0230229
-0.14 0.02302
-0.13 0.0230185
-0.12 0.0229974
-0.11 0.0229769
-0.1 0.0229766
-0.09 0.0231486
-0.08 0.023063
-0.07 0.0229184
-0.06 0.0228665
-0.05 0.0227146
-0.04 0.022625
-0.03 0.0224613
-0.02 0.0228745
-0.01 0.0264148
8.88178e-16 0.0355733
0.01 0.0264292
0.02 0.023056
0.03 0.0227097
0.04 0.0227084
0.05 0.0226872
0.06 0.0227671
0.07 0.0226811
0.08 0.0227859
0.09 0.0227835
0.1 0.0226428
0.11 0.0227347
0.12 0.0227202
0.13 0.0226703
0.14 0.0227004
0.15 0.0227879
0.16 0.0227963
0.17 0.0227978
0.18 0.0228262
0.19 0.0228434
0.2 0.0230101
0.21 0.0230648
0.22 0.0230135
0.23 0.0230679
0.24 0.023135
0.25 0.0231565
0.26 0.0231777
0.27 0.023176
0.28 0.0231911
0.29 0.0233432
0.3 0.0234117
0.31 0.0233054
0.32 0.023295
0.33 0.0232649
0.34 0.0232221
0.35 0.0231978
0.36 0.0231523
0.37 0.0231488
0.38 0.0231079
0.39 0.0230256
0.4 0.0229656
0.41 0.0230945
0.42 0.0229924
0.43 0.0228434
0.44 0.0227878
0.45 0.0226669
0.46 0.0226688
0.47 0.0224881
0.48 0.022808
0.49 0.0262468
0.5 0.0352591
0.51 0.0262246
0.52 0.0229019
0.53 0.0225004
0.54 0.0224976
0.55 0.0225641
0.56 0.0226188
0.57 0.0225043
0.58 0.0226414
0.59 0.0226665
0.6 0.0225248
0.61 0.0226542
0.62 0.0226727
0.63 0.0226763
0.64 0.0227225
0.65 0.0228018
0.66 0.0228224
0.67 0.0228374
0.68 0.022861
0.69 0.0228524
0.7 0.0229641
0.71 0.0229756
0.72 0.0228759
0.73 0.0228877
0.74 0.0228915
0.75 0.0228624
0.76 0.0228833
0.77 0.0228711
0.78 0.0228915
0.79 0.0230641
0.8 0.0231196
0.81 0.022985
0.82 0.0229695
0.83 0.0229616
0.84 0.0229332
0.85 0.0229562
0.86 0.0229414
0.87 0.0229229
0.88 0.0228942
0.89 0.0228382
0.9 0.0228193
0.91 0.0229926
0.92 0.022885
0.93 0.0227586
0.94 0.0227373
0.95 0.0225886
0.96 0.0224924
0.97 0.0222623
0.98 0.0225888
0.99 0.0259734
