-1 0.0602232
-0.99 0.0471286
-0.98 0.0416399
-0.97 0.040798
-0.96 0.0415907
-0.95 0.0415688
-0.94 0.04155
-0.93 0.0416878
-0.92 0.0416309
-0.91 0.0417143
-0.9 0.0417141
-0.89 0.0417
-0.88 0.0417195
-0.87 0.041731
-0.86 0.0416844
-0.85 0.0416738
-0.84 0.0416989
-0.83 0.0416468
-0.82 0.0416748
-0.81 0.0416751
-0.8 0.0417982
-0.79 0.0417492
-0.78 0.0416598
-0.77 0.041634
-0.76 0.0416738
-0.75 0.0418119
-0.74 0.0416917
-0.73 0.041615
-0.72 0.0415617
-0.71 0.0416219
-0.7 0.0416158
-0.69 0.0414724
-0.68 0.041417
-0.67 0.0414303
-0.66 0.0415304
-0.65 0.0415038
-0.64 0.0415429
-0.63 0.0415768
-0.62 0.0415754
-0.61 0.0415964
-0.6 0.0416642
-0.59 0.0417664
-0.58 0.0418046
-0.57 0.0417587
-0.56 0.0415981
-0.55 0.0415953
-0.54 0.0415131
-0.53 0.0407363
-0.52 0.0415716
-0.51 0.0470189
-0.5 0.0601998
-0.49 0.0470829
-0.48 0.041553
-0.47 0.0406761
-0.46 0.0414976
-0.45 0.041493
-0.44 0.0414918
-0.43 0.0416456
-0.42 0.0415829
-0.41 0.0416298
-0.4 0.0416085
-0.39 0.041531
-0.38 0.0414825
-0.37 0.0414829
-0.36 0.0414451
-0.35 0.0414437
-0.34 0.0415087
-0.33 0.0414747
-0.32 0.0415176
-0.31 0.0414944
-0.3 0.041614
-0.29 0.0415852
-0.28 0.0414924
-0.27 0.0414673
-0.26 0.0414639
-0.25 0.0414897
-0.24 0.041298
-0.23 0.0412315
-0.22 0.0412073
-0.21 0.0413126
-0.2 0.0413353
-0.19 0.0411694
-0.18 0.0410858
-0.17 0.0410556
-0.16 0.0411336
-0.15 0.0411198
-0.14 0.0411752
-0.13 0.0412591
-0.12 0.0412671
-0.11 0.0412714
-0.1 0.0412929
-0.09 0.0413939
-0.08 0.041465
-0.07 0.041414
-0.06 0.0412899
-0.05 0.041346
-0.04 0.041236
-0.03 0.0403605
-0.02 0.0412366
-0.01 0.0468655
8.88178e-16 0.0601728
0.01 0.0468625
0.02 0.0413498
0.03 0.0405631
0.04 0.0413503
0.05 0.0413666
0.06 0.041423
0.07 0.0415924
0.08 0.0415517
0.09 0.0416303
0.1 0.0416041
0.11 0.0415308
0.12 0.0415214
0.13 0.0415454
0.14 0.0415271
0.15 0.0415114
0.16 0.0415355
0.17 0.0414989
0.18 0.0415546
0.19 0.0415497
0.2 0.0416842
0.21 0.0416715
0.22 0.0416246
0.23 0.0416439
0.24 0.0416681
0.25 0.0417398
0.26 0.0415948
0.27 0.0415539
0.28 0.0415301
0.29 0.0416296
0.3 0.0416644
0.31 0.0415398
0.32 0.0415004
0.33 0.0415055
0.34 0.0415719
0.35 0.0415517
0.36 0.0415658
0.37 0.0415822
0.38 0.0415325
0.39 0.0415124
0.4 0.0415548
0.41 0.041579
0.42 0.0415495
0.43 0.0415001
0.44 0.0413736
0.45 0.0414095
0.46 0.0412678
0.47 0.0404743
0.48 0.0415415
0.49 0.047243
0.5 0.0604831
0.51 0.0470118
0.52 0.0414698
0.53 0.0406919
0.54 0.0415481
0.55 0.0415474
0.56 0.0415592
0.57 0.0418011
0.58 0.0418617
0.59 0.041986
0.6 0.0419586
0.61 0.0418693
0.62 0.0418449
0.63 0.0418834
0.64 0.0418821
0.65 0.0418903
0.66 0.0419348
0.67 0.0418675
0.68 0.0418842
0.69 0.0419117
0.7 0.0420365
0.71 0.0419716
0.72 0.0418704
0.73 0.0418281
0.74 0.0418233
0.75 0.0418831
0.76 0.0417528
0.77 0.0417243
0.78 0.041711
0.79 0.0417959
0.8 0.0418165
0.81 0.0416689
0.82 0.0415833
0.83 0.0415287
0.84 0.0415585
0.85 0.0414995
0.86 0.0415636
0.87 0.0416408
0.88 0.0416613
0.89 0.0416995
0.9 0.0417356
0.91 0.0418077
0.92 0.0418268
0.93 0.0417749
0.94 0.0416399
0.95 0.0417181
0.96 0.0415576
0.97 0.0405331
0.98 0.0412769
0.99 0.046814
