-1 0.0416265
-0.99 0.0309861
-0.98 0.0270849
-0.97 0.0268392
-0.96 0.0275228
-0.95 0.0273737
-0.94 0.0273492
-0.93 0.0275468
-0.92 0.0274096
-0.91 0.0274968
-0.9 0.027582
-0.89 0.0274638
-0.88 0.0274663
-0.87 0.0274887
-0.86 0.0274251
-0.85 0.0273919
-0.84 0.0274254
-0.83 0.027377
-0.82 0.0273322
-0.81 0.0273347
-0.8 0.0274259
-0.79 0.0274322
-0.78 0.0273843
-0.77 0.0273756
-0.76 0.0273412
-0.75 0.0274486
-0.74 0.0273902
-0.73 0.0274555
-0.72 0.0275277
-0.71 0.0276923
-0.7 0.0277355
-0.69 0.0276482
-0.68 0.0276739
-0.67 0.0277039
-0.66 0.0277533
-0.65 0.0277702
-0.64 0.0278602
-0.63 0.0278385
-0.62 0.0278175
-0.61 0.0279176
-0.6 0.0279306
-0.59 0.0278287
-0.58 0.0278369
-0.57 0.0280077
-0.56 0.0277035
-0.55 0.0277231
-0.54 0.0279036
-0.53 0.0272242
-0.52 0.0274978
-0.51 0.0314221
-0.5 0.0420552
-0.49 0.0313269
-0.48 0.0273499
-0.47 0.0270642
-0.46 0.0277097
-0.45 0.0275733
-0.44 0.0276135
-0.43 0.0278303
-0.42 0.02766
-0.41 0.0276954
-0.4 0.0277703
-0.39 0.0276487
-0.38 0.0276394
-0.37 0.0276973
-0.36 0.0276838
-0.35 0.0277072
-0.34 0.027749
-0.33 0.0276911
-0.32 0.0276727
-0.31 0.0276987
-0.3 0.0277959
-0.29 0.0278049
-0.28 0.0277521
-0.27 0.0277427
-0.26 0.0277069
-0.25 0.0278059
-0.24 0.0277408
-0.23 0.027751
-0.22 0.0277806
-0.21 0.0279294
-0.2 0.0279606
-0.19 0.0278635
-0.18 0.027874
-0.17 0.0278502
-0.16 0.0278349
-0.15 0.0278063
-0.14 0.0278772
-0.13 0.0278498
-0.12 0.0277987
-0.11 0.0278573
-0.1 0.0278596
-0.09 0.0278006
-0.08 0.0278386
-0.07 0.0280237
-0.06 0.0277396
-0.05 0.0277308
-0.04 0.0278456
-0.03 0.0271226
-0.02 0.0274201
-0.01 0.0313206
8.88178e-16 0.0418805
0.01 0.0312356
0.02 0.0273387
0.03 0.02709
0.04 0.0277183
0.05 0.0275439
0.06 0.0275315
0.07 0.0277379
0.08 0.0275981
0.09 0.0276735
0.1 0.0277332
0.11 0.0276277
0.12 0.027663
0.13 0.02776
0.14 0.0277691
0.15 0.0277941
0.16 0.0278603
0.17 0.0278388
0.18 0.027843
0.19 0.0278575
0.2 0.0279142
0.21 0.0279002
0.22 0.0278558
0.23 0.0278672
0.24 0.0278109
0.25 0.0278987
0.26 0.0278491
0.27 0.0278939
0.28 0.0279187
0.29 0.0280314
0.3 0.0280243
0.31 0.0279277
0.32 0.0279524
0.33 0.0279643
0.34 0.0280225
0.35 0.0280611
0.36 0.0281699
0.37 0.0281647
0.38 0.0281506
0.39 0.0282629
0.4 0.0282926
0.41 0.0282248
0.42 0.0282535
0.43 0.0284399
0.44 0.0281385
0.45 0.0281419
0.46 0.0282757
0.47 0.0275585
0.48 0.0279069
0.49 0.0318808
0.5 0.0424521
0.51 0.0315994
0.52 0.0276331
0.53 0.0273894
0.54 0.028058
0.55 0.0278545
0.56 0.0277955
0.57 0.02796
0.58 0.0278051
0.59 0.0278649
0.6 0.0279192
0.61 0.0277904
0.62 0.0277934
0.63 0.0278424
0.64 0.0277948
0.65 0.0277763
0.66 0.0277962
0.67 0.0277519
0.68 0.0277492
0.69 0.0277631
0.7 0.0278363
0.71 0.0278114
0.72 0.027713
0.73 0.0276489
0.74 0.0275472
0.75 0.0275843
0.76 0.0274769
0.77 0.027453
0.78 0.0274261
0.79 0.027532
0.8 0.0275379
0.81 0.0274295
0.82 0.0274354
0.83 0.0274511
0.84 0.0274828
0.85 0.027504
0.86 0.0275866
0.87 0.0275321
0.88 0.0274693
0.89 0.0275249
0.9 0.027527
0.91 0.0274529
0.92 0.0274493
0.93 0.0275964
0.94 0.0273074
0.95 0.0273329
0.96 0.0274574
0.97 0.0267032
0.98 0.0269875
0.99 0.030942
