-1 0.0528192
-0.99 0.0403852
-0.98 0.0356832
-0.97 0.0356131
-0.96 0.0366436
-0.95 0.0364961
-0.94 0.0364729
-0.93 0.0365683
-0.92 0.0364637
-0.91 0.036569
-0.9 0.0366386
-0.89 0.0365757
-0.88 0.0365801
-0.87 0.0366235
-0.86 0.0366444
-0.85 0.0366252
-0.84 0.0366655
-0.83 0.0366314
-0.82 0.0366253
-0.81 0.0366238
-0.8 0.0366579
-0.79 0.0366432
-0.78 0.0365982
-0.77 0.0365821
-0.76 0.0365386
-0.75 0.03656
-0.74 0.0364377
-0.73 0.0364707
-0.72 0.0364815
-0.71 0.0364954
-0.7 0.0364736
-0.69 0.0364318
-0.68 0.0363564
-0.67 0.0363742
-0.66 0.0363741
-0.65 0.0363277
-0.64 0.036356
-0.63 0.0363042
-0.62 0.0362189
-0.61 0.036248
-0.6 0.0363386
-0.59 0.0363201
-0.58 0.0362587
-0.57 0.0363839
-0.56 0.0362064
-0.55 0.0363715
-0.54 0.0365345
-0.53 0.0353103
-0.52 0.035528
-0.51 0.0404166
-0.5 0.0529329
-0.49 0.0403561
-0.48 0.0356562
-0.47 0.0356565
-0.46 0.0367128
-0.45 0.0365805
-0.44 0.0366142
-0.43 0.0366837
-0.42 0.0365242
-0.41 0.0365576
-0.4 0.0366336
-0.39 0.0366215
-0.38 0.0366318
-0.37 0.0367092
-0.36 0.0367527
-0.35 0.036789
-0.34 0.0368928
-0.33 0.0369023
-0.32 0.0369302
-0.31 0.0369749
-0.3 0.0370268
-0.29 0.0370395
-0.28 0.0369849
-0.27 0.0369941
-0.26 0.0370165
-0.25 0.0370691
-0.24 0.0369526
-0.23 0.036999
-0.22 0.0369995
-0.21 0.0370063
-0.2 0.0369575
-0.19 0.0368908
-0.18 0.0368093
-0.17 0.0367998
-0.16 0.0367656
-0.15 0.0367082
-0.14 0.0367425
-0.13 0.0367287
-0.12 0.0367206
-0.11 0.0367567
-0.1 0.0368573
-0.09 0.036801
-0.08 0.0367047
-0.07 0.0368745
-0.06 0.0367253
-0.05 0.0368681
-0.04 0.0370018
-0.03 0.0357306
-0.02 0.0358171
-0.01 0.0405878
8.88178e-16 0.053086
0.01 0.0406352
0.02 0.0359088
0.03 0.0358171
0.04 0.0368307
0.05 0.036737
0.06 0.0367805
0.07 0.0368489
0.08 0.0367128
0.09 0.0367616
0.1 0.0367748
0.11 0.0366898
0.12 0.0366134
0.13 0.0365901
0.14 0.0365225
0.15 0.0364419
0.16 0.0364887
0.17 0.0364761
0.18 0.0364639
0.19 0.0364768
0.2 0.0365621
0.21 0.0365847
0.22 0.0365346
0.23 0.0365034
0.24 0.036463
0.25 0.0364682
0.26 0.0363317
0.27 0.0363609
0.28 0.0363809
0.29 0.0364268
0.3 0.0364671
0.31 0.0365288
0.32 0.036533
0.33 0.0365803
0.34 0.0365786
0.35 0.0365511
0.36 0.0366167
0.37 0.036597
0.38 0.036549
0.39 0.0365579
0.4 0.0366394
0.41 0.036604
0.42 0.0365759
0.43 0.0367828
0.44 0.036627
0.45 0.0367496
0.46 0.0368461
0.47 0.0355486
0.48 0.0355811
0.49 0.0403033
0.5 0.0528457
0.51 0.0404991
0.52 0.0358273
0.53 0.035809
0.54 0.0368856
0.55 0.0367586
0.56 0.0367955
0.57 0.03689
0.58 0.0367298
0.59 0.0367373
0.6 0.0367432
0.61 0.0366521
0.62 0.0366315
0.63 0.0366526
0.64 0.0366462
0.65 0.0366183
0.66 0.0366225
0.67 0.036557
0.68 0.0365379
0.69 0.036545
0.7 0.0365929
0.71 0.0365906
0.72 0.0365276
0.73 0.0365487
0.74 0.0365615
0.75 0.0366442
0.76 0.0365633
0.77 0.0366155
0.78 0.0366541
0.79 0.0367077
0.8 0.0367427
0.81 0.0367712
0.82 0.0367588
0.83 0.0368263
0.84 0.0368744
0.85 0.0368603
0.86 0.0369144
0.87 0.036895
0.88 0.0368534
0.89 0.0368736
0.9 0.0369766
0.91 0.0369307
0.92 0.0368638
0.93 0.0370329
0.94 0.0368208
0.95 0.0368871
0.96 0.0369471
0.97 0.0355797
0.98 0.0355958
0.99 0.0403424
