-1 0.0311955
-0.99 0.0227926
-0.98 0.020404
-0.97 0.0203217
-0.96 0.0202596
-0.95 0.0207913
-0.94 0.0207158
-0.93 0.0205816
-0.92 0.0207133
-0.91 0.0205902
-0.9 0.020602
-0.89 0.0205798
-0.88 0.0205596
-0.87 0.0205476
-0.86 0.0204939
-0.85 0.0205099
-0.84 0.0205265
-0.83 0.0205187
-0.82 0.0204239
-0.81 0.0203204
-0.8 0.020379
-0.79 0.0203388
-0.78 0.0201799
-0.77 0.0201956
-0.76 0.020091
-0.75 0.0199921
-0.74 0.0200645
-0.73 0.0200835
-0.72 0.0200602
-0.71 0.0201773
-0.7 0.0201918
-0.69 0.020102
-0.68 0.0201319
-0.67 0.0201768
-0.66 0.0202175
-0.65 0.0201939
-0.64 0.0202148
-0.63 0.0202155
-0.62 0.0201682
-0.61 0.020196
-0.6 0.0202256
-0.59 0.0202344
-0.58 0.0201895
-0.57 0.0200296
-0.56 0.0201259
-0.55 0.0201423
-0.54 0.019791
-0.53 0.019784
-0.52 0.0200512
-0.51 0.022889
-0.5 0.0307995
-0.49 0.0228203
-0.48 0.0202391
-0.47 0.0200428
-0.46 0.0199701
-0.45 0.0204269
-0.44 0.0204158
-0.43 0.020315
-0.42 0.0204942
-0.41 0.0204538
-0.4 0.0204966
-0.39 0.0204817
-0.38 0.0204245
-0.37 0.0204375
-0.36 0.0204054
-0.35 0.0204506
-0.34 0.0205241
-0.33 0.0205885
-0.32 0.0205787
-0.31 0.0205843
-0.3 0.0207336
-0.29 0.0207617
-0.28 0.0206609
-0.27 0.0207162
-0.26 0.0206534
-0.25 0.0205503
-0.24 0.0205966
-0.23 0.0206129
-0.22 0.0206241
-0.21 0.0207456
-0.2 0.0207159
-0.19 0.0206093
-0.18 0.020609
-0.17 0.0206146
-0.16 0.0205672
-0.15 0.0205225
-0.14 0.0205641
-0.13 0.0205851
-0.12 0.0205648
-0.11 0.0205991
-0.1 0.0206208
-0.09 0.0207037
-0.08 0.020667
-0.07 0.0205791
-0.06 0.0208359
-0.05 0.0208498
-0.04 0.0205156
-0.03 0.0205112
-0.02 0.0207589
-0.01 0.023733
8.88178e-16 0.0316663
0.01 0.0234778
0.02 0.0209162
0.03 0.0206582
0.04 0.0205735
0.05 0.0210634
0.06 0.0210064
0.07 0.0208872
0.08 0.0210256
0.09 0.020913
0.1 0.0209564
0.11 0.0209311
0.12 0.0208696
0.13 0.0208713
0.14 0.0207995
0.15 0.0208028
0.16 0.0207919
0.17 0.0208019
0.18 0.0207442
0.19 0.0206929
0.2 0.0207827
0.21 0.0208045
0.22 0.0207281
0.23 0.0207907
0.24 0.0207853
0.25 0.0207094
0.26 0.0207878
0.27 0.0208248
0.28 0.0208091
0.29 0.0209123
0.3 0.0208904
0.31 0.0207863
0.32 0.0208146
0.33 0.0208462
0.34 0.0208764
0.35 0.0209351
0.36 0.0210007
0.37 0.0210341
0.38 0.0210179
0.39 0.0210048
0.4 0.0209547
0.41 0.0210107
0.42 0.0209535
0.43 0.0208269
0.44 0.0209864
0.45 0.0208736
0.46 0.0204665
0.47 0.0203842
0.48 0.0206762
0.49 0.0238446
0.5 0.0315849
0.51 0.0231823
0.52 0.0207503
0.53 0.0205988
0.54 0.0204941
0.55 0.0209421
0.56 0.0209086
0.57 0.0208326
0.58 0.0210279
0.59 0.0209593
0.6 0.0209826
0.61 0.0209697
0.62 0.0209425
0.63 0.0209446
0.64 0.0209188
0.65 0.0209471
0.66 0.0209971
0.67 0.0210133
0.68 0.0209655
0.69 0.0209265
0.7 0.0210465
0.71 0.0210584
0.72 0.0209718
0.73 0.0210321
0.74 0.021007
0.75 0.0209354
0.76 0.0209872
0.77 0.0210328
0.78 0.0210682
0.79 0.0211819
0.8 0.021163
0.81 0.0210435
0.82 0.0210444
0.83 0.0210536
0.84 0.0210373
0.85 0.0210422
0.86 0.0210505
0.87 0.0210206
0.88 0.0209583
0.89 0.0209217
0.9 0.0208443
0.91 0.0208571
0.92 0.0207567
0.93 0.0205928
0.94 0.0207864
0.95 0.0207273
0.96 0.0203825
0.97 0.0203784
0.98 0.0205747
0.99 0.0235683
