-1 0.0111522
-0.99 0.00743733
-0.98 0.00651353
-0.97 0.00654341
-0.96 0.00663569
-0.95 0.00647917
-0.94 0.00648652
-0.93 0.00654304
-0.92 0.00640004
-0.91 0.00650819
-0.9 0.00657815
-0.89 0.00653168
-0.88 0.00656531
-0.87 0.00661472
-0.86 0.00663986
-0.85 0.00664945
-0.84 0.00664759
-0.83 0.00662256
-0.82 0.00659606
-0.81 0.00658359
-0.8 0.00661062
-0.79 0.00660238
-0.78 0.00656784
-0.77 0.00658035
-0.76 0.00659193
-0.75 0.00657132
-0.74 0.00657602
-0.73 0.00656623
-0.72 0.00657185
-0.71 0.00658345
-0.7 0.00659074
-0.69 0.0065755
-0.68 0.00655409
-0.67 0.00652603
-0.66 0.00651152
-0.65 0.00651265
-0.64 0.00654186
-0.63 0.00650796
-0.62 0.0064714
-0.61 0.00652088
-0.6 0.00655501
-0.59 0.00650274
-0.58 0.00646474
-0.57 0.00655487
-0.56 0.0064212
-0.55 0.00645717
-0.54 0.00665074
-0.53 0.00649481
-0.52 0.00651605
-0.51 0.00749139
-0.5 0.0111771
-0.49 0.00747308
-0.48 0.00661049
-0.47 0.00675733
-0.46 0.00685574
-0.45 0.00665274
-0.44 0.00670173
-0.43 0.00681278
-0.42 0.00667882
-0.41 0.00678165
-0.4 0.00687263
-0.39 0.00680878
-0.38 0.00682452
-0.37 0.00687096
-0.36 0.00690042
-0.35 0.00695321
-0.34 0.00699544
-0.33 0.0070105
-0.32 0.00701335
-0.31 0.00702268
-0.3 0.00708205
-0.29 0.00706524
-0.28 0.00701886
-0.27 0.00699569
-0.26 0.00699605
-0.25 0.00696168
-0.24 0.00694738
-0.23 0.00693366
-0.22 0.00696626
-0.21 0.00699663
-0.2 0.006995
-0.19 0.00697193
-0.18 0.0069549
-0.17 0.00692553
-0.16 0.00690897
-0.15 0.0068843
-0.14 0.00688164
-0.13 0.0068598
-0.12 0.00682786
-0.11 0.00684646
-0.1 0.00684197
-0.09 0.00678119
-0.08 0.00672057
-0.07 0.00676555
-0.06 0.00660572
-0.05 0.00666583
-0.04 0.00687182
-0.03 0.00665379
-0.02 0.00665
-0.01 0.00764491
8.88178e-16 0.0115122
0.01 0.0077817
0.02 0.00675189
0.03 0.00673567
0.04 0.00684124
0.05 0.00661354
0.06 0.00656593
0.07 0.0066633
0.08 0.00656259
0.09 0.00663631
0.1 0.00669673
0.11 0.0066403
0.12 0.00664475
0.13 0.0066567
0.14 0.00664798
0.15 0.00666241
0.16 0.00666162
0.17 0.00662093
0.18 0.00661853
0.19 0.00661294
0.2 0.00664432
0.21 0.00663049
0.22 0.00659145
0.23 0.0065843
0.24 0.0065801
0.25 0.00654291
0.26 0.00653518
0.27 0.00653213
0.28 0.00656233
0.29 0.0065796
0.3 0.00658784
0.31 0.00658412
0.32 0.00657842
0.33 0.00655572
0.34 0.00656634
0.35 0.00655595
0.36 0.00656357
0.37 0.0065312
0.38 0.0064868
0.39 0.00649997
0.4 0.00650337
0.41 0.00643581
0.42 0.00637227
0.43 0.00644435
0.44 0.00628474
0.45 0.00627244
0.46 0.00644592
0.47 0.00635502
0.48 0.00641837
0.49 0.00735288
0.5 0.0111265
0.51 0.00749428
0.52 0.00649866
0.53 0.00647006
0.54 0.00664651
0.55 0.00647827
0.56 0.00643521
0.57 0.00655937
0.58 0.00647075
0.59 0.00652893
0.6 0.00659179
0.61 0.00654349
0.62 0.00653793
0.63 0.00657087
0.64 0.00655928
0.65 0.00655473
0.66 0.00654205
0.67 0.00652877
0.68 0.00651737
0.69 0.00649974
0.7 0.00654758
0.71 0.00653889
0.72 0.00649206
0.73 0.00648193
0.74 0.00650059
0.75 0.00648383
0.76 0.00648544
0.77 0.00646776
0.78 0.00648733
0.79 0.00652053
0.8 0.00653768
0.81 0.00651144
0.82 0.00649725
0.83 0.00647904
0.84 0.00647062
0.85 0.00646331
0.86 0.00650248
0.87 0.00651072
0.88 0.00648562
0.89 0.00649356
0.9 0.00649818
0.91 0.00650206
0.92 0.00648156
0.93 0.00650982
0.94 0.00635781
0.95 0.00641449
0.96 0.00658536
0.97 0.00637861
0.98 0.00644466
0.99 0.00745133
