-1 0.0503406
-0.99 0.0389089
-0.98 0.0342257
-0.97 0.0336404
-0.96 0.0344679
-0.95 0.0344864
-0.94 0.0344244
-0.93 0.0344892
-0.92 0.0343113
-0.91 0.0344111
-0.9 0.0344385
-0.89 0.0343296
-0.88 0.0343121
-0.87 0.034355
-0.86 0.0343428
-0.85 0.0343601
-0.84 0.0343909
-0.83 0.034395
-0.82 0.0344073
-0.81 0.0344167
-0.8 0.0345092
-0.79 0.0345404
-0.78 0.0344449
-0.77 0.0344486
-0.76 0.034494
-0.75 0.0345252
-0.74 0.0344631
-0.73 0.034434
-0.72 0.0344195
-0.71 0.0344658
-0.7 0.0345036
-0.69 0.0344429
-0.68 0.034447
-0.67 0.0344584
-0.66 0.0345513
-0.65 0.0345706
-0.64 0.0346576
-0.63 0.0346239
-0.62 0.0346188
-0.61 0.0346688
-0.6 0.0346622
-0.59 0.0345892
-0.58 0.0344704
-0.57 0.0345163
-0.56 0.0343679
-0.55 0.0344976
-0.54 0.0345697
-0.53 0.0336565
-0.52 0.0342194
-0.51 0.0388954
-0.5 0.0502839
-0.49 0.0387235
-0.48 0.0340603
-0.47 0.033569
-0.46 0.0344521
-0.45 0.0345086
-0.44 0.0344879
-0.43 0.0345585
-0.42 0.0343935
-0.41 0.034523
-0.4 0.0345678
-0.39 0.0344822
-0.38 0.0344478
-0.37 0.0344842
-0.36 0.0344514
-0.35 0.0344646
-0.34 0.0345011
-0.33 0.0344982
-0.32 0.0344899
-0.31 0.0344599
-0.3 0.0345066
-0.29 0.0344926
-0.28 0.0343774
-0.27 0.0343585
-0.26 0.0343766
-0.25 0.0344118
-0.24 0.0343873
-0.23 0.0344116
-0.22 0.0344411
-0.21 0.0345197
-0.2 0.0345747
-0.19 0.0345244
-0.18 0.0345653
-0.17 0.0345813
-0.16 0.0346433
-0.15 0.0346143
-0.14 0.034639
-0.13 0.0346078
-0.12 0.0346371
-0.11 0.0347555
-0.1 0.0348223
-0.09 0.0348726
-0.08 0.0348756
-0.07 0.035025
-0.06 0.0349089
-0.05 0.0349978
-0.04 0.035
-0.03 0.0340773
-0.02 0.0347148
-0.01 0.0395219
8.88178e-16 0.051083
0.01 0.0394809
0.02 0.0347537
0.03 0.0341776
0.04 0.0349747
0.05 0.0349698
0.06 0.0349137
0.07 0.0349547
0.08 0.0347703
0.09 0.0348804
0.1 0.034924
0.11 0.0348126
0.12 0.0347924
0.13 0.0348311
0.14 0.0347786
0.15 0.0347857
0.16 0.0347976
0.17 0.0347866
0.18 0.0347728
0.19 0.034749
0.2 0.0347943
0.21 0.0347668
0.22 0.0346555
0.23 0.0346323
0.24 0.0346652
0.25 0.034694
0.26 0.0346454
0.27 0.0346188
0.28 0.0346249
0.29 0.0346772
0.3 0.0347102
0.31 0.0346491
0.32 0.0346705
0.33 0.0346889
0.34 0.0347736
0.35 0.0347723
0.36 0.0348201
0.37 0.0347506
0.38 0.0347253
0.39 0.0347655
0.4 0.0347452
0.41 0.0347091
0.42 0.0346356
0.43 0.0347194
0.44 0.0345626
0.45 0.0345926
0.46 0.0345165
0.47 0.0335755
0.48 0.0342268
0.49 0.0389679
0.5 0.0503353
0.51 0.0387776
0.52 0.0341493
0.53 0.0336707
0.54 0.0345435
0.55 0.0345478
0.56 0.0344947
0.57 0.034583
0.58 0.0344598
0.59 0.0345764
0.6 0.0346333
0.61 0.034549
0.62 0.0345362
0.63 0.034587
0.64 0.0345799
0.65 0.0346077
0.66 0.0346298
0.67 0.0346039
0.68 0.0346044
0.69 0.0345974
0.7 0.0346519
0.71 0.0346598
0.72 0.0345914
0.73 0.0346106
0.74 0.0346649
0.75 0.0347322
0.76 0.0347045
0.77 0.0347022
0.78 0.0346873
0.79 0.0347441
0.8 0.0347563
0.81 0.0346515
0.82 0.0346357
0.83 0.0346074
0.84 0.0346359
0.85 0.0346048
0.86 0.0346329
0.87 0.0345761
0.88 0.0345611
0.89 0.0346031
0.9 0.0345958
0.91 0.0345806
0.92 0.034506
0.93 0.0345684
0.94 0.0344094
0.95 0.0344661
0.96 0.0344218
0.97 0.0334401
0.98 0.0339893
0.99 0.0387401
