-1 0.107643
-0.99 0.0897629
-0.98 0.0814903
-0.97 0.0806704
-0.96 0.0823651
-0.95 0.0820288
-0.94 0.0814765
-0.93 0.0813328
-0.92 0.0810808
-0.91 0.0808427
-0.9 0.0807714
-0.89 0.0806703
-0.88 0.0805594
-0.87 0.0805533
-0.86 0.0806689
-0.85 0.0806569
-0.84 0.0807616
-0.83 0.0807881
-0.82 0.080781
-0.81 0.0809262
-0.8 0.0811396
-0.79 0.0812072
-0.78 0.0812141
-0.77 0.0813027
-0.76 0.0812879
-0.75 0.0813607
-0.74 0.0814164
-0.73 0.0815207
-0.72 0.0815941
-0.71 0.0818777
-0.7 0.0820717
-0.69 0.0823149
-0.68 0.0825591
-0.67 0.0827731
-0.66 0.0829201
-0.65 0.0831084
-0.64 0.0830558
-0.63 0.0830649
-0.62 0.0829225
-0.61 0.0827454
-0.6 0.0827206
-0.59 0.0826311
-0.58 0.0822552
-0.57 0.0819813
-0.56 0.0818741
-0.55 0.0813391
-0.54 0.0802678
-0.53 0.0776264
-0.52 0.0775419
-0.51 0.0850664
-0.5 0.10225
-0.49 0.0831394
-0.48 0.0734152
-0.47 0.0710298
-0.46 0.0711139
-0.45 0.0690649
-0.44 0.0665073
-0.43 0.0640509
-0.42 0.0613562
-0.41 0.0585857
-0.4 0.0558119
-0.39 0.0528658
-0.38 0.0499579
-0.37 0.047137
-0.36 0.0443984
-0.35 0.0417743
-0.34 0.0393628
-0.33 0.0370349
-0.32 0.0349004
-0.31 0.0331453
-0.3 0.0316907
-0.29 0.0304069
-0.28 0.0293187
-0.27 0.0286211
-0.26 0.0280488
-0.25 0.0276218
-0.24 0.0272642
-0.23 0.0271085
-0.22 0.0269548
-0.21 0.0269302
-0.2 0.02685
-0.19 0.0267722
-0.18 0.0267607
-0.17 0.0267666
-0.16 0.0267593
-0.15 0.026768
-0.14 0.026758
-0.13 0.0267803
-0.12 0.0267531
-0.11 0.0266777
-0.1 0.0267408
-0.09 0.0268627
-0.08 0.0267883
-0.07 0.0267304
-0.06 0.0268439
-0.05 0.0269165
-0.04 0.0270861
-0.03 0.0264043
-0.02 0.0264455
-0.01 0.0300718
8.88178e-16 0.0397547
0.01 0.0299884
0.02 0.0264348
0.03 0.0263878
0.04 0.0268832
0.05 0.0266611
0.06 0.0267445
0.07 0.0268
0.08 0.0267397
0.09 0.0267875
0.1 0.0268327
0.11 0.0268037
0.12 0.0268186
0.13 0.0267984
0.14 0.0268113
0.15 0.0268549
0.16 0.02693
0.17 0.026931
0.18 0.0269541
0.19 0.0270612
0.2 0.0272316
0.21 0.027313
0.22 0.0274034
0.23 0.0276151
0.24 0.0278079
0.25 0.0281198
0.26 0.0284759
0.27 0.0290243
0.28 0.0296569
0.29 0.0304854
0.3 0.0314041
0.31 0.0325891
0.32 0.0340515
0.33 0.0357948
0.34 0.0377572
0.35 0.0399668
0.36 0.0424081
0.37 0.0451235
0.38 0.0479342
0.39 0.0509237
0.4 0.0542766
0.41 0.0576144
0.42 0.0606332
0.43 0.0637895
0.44 0.067218
0.45 0.0704721
0.46 0.0731936
0.47 0.0742944
0.48 0.0778479
0.49 0.0888397
0.5 0.109388
0.51 0.0929981
0.52 0.0863611
0.53 0.08763
0.54 0.0917047
0.55 0.093293
0.56 0.0941504
0.57 0.0952857
0.58 0.0961186
0.59 0.096715
0.6 0.097339
0.61 0.0977639
0.62 0.0979756
0.63 0.0981602
0.64 0.0981803
0.65 0.097936
0.66 0.0977483
0.67 0.0974089
0.68 0.0969864
0.69 0.0965934
0.7 0.0961794
0.71 0.0956142
0.72 0.0949818
0.73 0.0945019
0.74 0.0939579
0.75 0.0933683
0.76 0.0927821
0.77 0.0923103
0.78 0.0917354
0.79 0.0912521
0.8 0.0906908
0.81 0.090199
0.82 0.0897119
0.83 0.0892248
0.84 0.0887187
0.85 0.0882242
0.86 0.0876506
0.87 0.0871595
0.88 0.086598
0.89 0.0860057
0.9 0.0856064
0.91 0.0852058
0.92 0.0845464
0.93 0.0840895
0.94 0.0839541
0.95 0.0836422
0.96 0.0830933
0.97 0.0811739
0.98 0.0818731
0.99 0.0900726
