-1 0.0515358
-0.99 0.0398948
-0.98 0.0351315
-0.97 0.0346465
-0.96 0.0354381
-0.95 0.0352984
-0.94 0.0353026
-0.93 0.0354393
-0.92 0.0353726
-0.91 0.0355153
-0.9 0.0355316
-0.89 0.0355467
-0.88 0.0356048
-0.87 0.0356578
-0.86 0.0356455
-0.85 0.0357236
-0.84 0.0357837
-0.83 0.0357541
-0.82 0.0356793
-0.81 0.0356476
-0.8 0.0357209
-0.79 0.0356942
-0.78 0.035632
-0.77 0.0356157
-0.76 0.0356416
-0.75 0.0356597
-0.74 0.035559
-0.73 0.0354754
-0.72 0.0354409
-0.71 0.0355208
-0.7 0.0355389
-0.69 0.0354954
-0.68 0.0355068
-0.67 0.0355588
-0.66 0.0355172
-0.65 0.0355217
-0.64 0.035549
-0.63 0.0355372
-0.62 0.0355383
-0.61 0.0355779
-0.6 0.0355525
-0.59 0.0355873
-0.58 0.0355445
-0.57 0.0355199
-0.56 0.035593
-0.55 0.0357277
-0.54 0.0356218
-0.53 0.0348273
-0.52 0.0353617
-0.51 0.0401726
-0.5 0.0519269
-0.49 0.0401582
-0.48 0.0355455
-0.47 0.0351339
-0.46 0.035859
-0.45 0.0357181
-0.44 0.0357557
-0.43 0.0358669
-0.42 0.0357441
-0.41 0.0358395
-0.4 0.0358168
-0.39 0.0357794
-0.38 0.0357888
-0.37 0.0358148
-0.36 0.0357683
-0.35 0.0357637
-0.34 0.0358072
-0.33 0.0358056
-0.32 0.0357883
-0.31 0.0357835
-0.3 0.0358592
-0.29 0.0358276
-0.28 0.0357734
-0.27 0.0357495
-0.26 0.0357775
-0.25 0.0357858
-0.24 0.0356824
-0.23 0.0355918
-0.22 0.0355374
-0.21 0.0356014
-0.2 0.0356398
-0.19 0.0355989
-0.18 0.035621
-0.17 0.0356599
-0.16 0.0355837
-0.15 0.0355416
-0.14 0.0355417
-0.13 0.035522
-0.12 0.0354709
-0.11 0.0354387
-0.1 0.0353495
-0.09 0.0353626
-0.08 0.0353146
-0.07 0.0353233
-0.06 0.0354439
-0.05 0.0355361
-0.04 0.0354511
-0.03 0.0346667
-0.02 0.0350582
-0.01 0.0398947
8.88178e-16 0.052075
0.01 0.0401567
0.02 0.0353854
0.03 0.0350175
0.04 0.0358582
0.05 0.0356747
0.06 0.0356465
0.07 0.0356899
0.08 0.0354891
0.09 0.0355096
0.1 0.0354353
0.11 0.0353627
0.12 0.0353928
0.13 0.0354516
0.14 0.0354152
0.15 0.0354452
0.16 0.0354719
0.17 0.03542
0.18 0.0353539
0.19 0.0353389
0.2 0.0354121
0.21 0.0354099
0.22 0.0353701
0.23 0.0353839
0.24 0.0354467
0.25 0.0354914
0.26 0.0354086
0.27 0.0353767
0.28 0.035349
0.29 0.0354043
0.3 0.0353938
0.31 0.0353294
0.32 0.0353502
0.33 0.0353941
0.34 0.035344
0.35 0.0353395
0.36 0.0353669
0.37 0.0353101
0.38 0.0352569
0.39 0.0352729
0.4 0.0352821
0.41 0.0353397
0.42 0.0353011
0.43 0.0353046
0.44 0.0353963
0.45 0.0354848
0.46 0.0353689
0.47 0.0346185
0.48 0.0350929
0.49 0.039961
0.5 0.0521338
0.51 0.0402701
0.52 0.0354503
0.53 0.0350032
0.54 0.0357417
0.55 0.0355475
0.56 0.0355568
0.57 0.0356916
0.58 0.0356472
0.59 0.0358275
0.6 0.0358258
0.61 0.035751
0.62 0.0357239
0.63 0.0357332
0.64 0.0356622
0.65 0.0356276
0.66 0.0356292
0.67 0.0355555
0.68 0.0354493
0.69 0.0354046
0.7 0.0354699
0.71 0.0354449
0.72 0.0353638
0.73 0.0353125
0.74 0.0352939
0.75 0.0352717
0.76 0.0351883
0.77 0.0351795
0.78 0.0352036
0.79 0.0353134
0.8 0.0353403
0.81 0.0352919
0.82 0.0353306
0.83 0.0354042
0.84 0.0353616
0.85 0.035328
0.86 0.0353446
0.87 0.0353372
0.88 0.0353451
0.89 0.0353836
0.9 0.0353429
0.91 0.0353335
0.92 0.0352505
0.93 0.0352484
0.94 0.0353197
0.95 0.0353813
0.96 0.0352268
0.97 0.0343724
0.98 0.0346779
0.99 0.0394005
