-1 0.319708
-0.99 0.294142
-0.98 0.280921
-0.97 0.277591
-0.96 0.275726
-0.95 0.274167
-0.94 0.273414
-0.93 0.27133
-0.92 0.269099
-0.91 0.266534
-0.9 0.262413
-0.89 0.258311
-0.88 0.253544
-0.87 0.248129
-0.86 0.242287
-0.85 0.23603
-0.84 0.229132
-0.83 0.221734
-0.82 0.213825
-0.81 0.205511
-0.8 0.19715
-0.79 0.188231
-0.78 0.178753
-0.77 0.169175
-0.76 0.159531
-0.75 0.149787
-0.74 0.140179
-0.73 0.130855
-0.72 0.121981
-0.71 0.113708
-0.7 0.105738
-0.69 0.0979236
-0.68 0.0907534
-0.67 0.0841672
-0.66 0.0780472
-0.65 0.0723921
-0.64 0.0670681
-0.63 0.0622767
-0.62 0.0578928
-0.61 0.0537806
-0.6 0.0502824
-0.59 0.0474902
-0.58 0.044526
-0.57 0.0419226
-0.56 0.0397816
-0.55 0.0373455
-0.54 0.0356374
-0.53 0.0346908
-0.52 0.0339243
-0.51 0.0372329
-0.5 0.047736
-0.49 0.0363647
-0.48 0.0313752
-0.47 0.0305265
-0.46 0.0300787
-0.45 0.0298276
-0.44 0.0299583
-0.43 0.0298076
-0.42 0.0298871
-0.41 0.0298502
-0.4 0.0295831
-0.39 0.0296719
-0.38 0.0296481
-0.37 0.0295924
-0.36 0.0296073
-0.35 0.0296507
-0.34 0.029618
-0.33 0.0296312
-0.32 0.0296165
-0.31 0.0295602
-0.3 0.0296361
-0.29 0.0296344
-0.28 0.0294988
-0.27 0.0295273
-0.26 0.0296167
-0.25 0.0296788
-0.24 0.029738
-0.23 0.0297491
-0.22 0.0298176
-0.21 0.0300377
-0.2 0.0301108
-0.19 0.0300096
-0.18 0.0300595
-0.17 0.0300964
-0.16 0.0300871
-0.15 0.0300937
-0.14 0.0300776
-0.13 0.0301562
-0.12 0.0302043
-0.11 0.0301929
-0.1 0.0302544
-0.09 0.030591
-0.08 0.0305607
-0.07 0.030508
-0.06 0.030656
-0.05 0.0304899
-0.04 0.0305577
-0.03 0.030787
-0.02 0.0312506
-0.01 0.0355482
8.88178e-16 0.0470914
0.01 0.0367086
0.02 0.0321283
0.03 0.0315235
0.04 0.0315338
0.05 0.0314979
0.06 0.0317573
0.07 0.0317389
0.08 0.0318653
0.09 0.0318238
0.1 0.03151
0.11 0.0315104
0.12 0.0314181
0.13 0.0313105
0.14 0.0313105
0.15 0.031327
0.16 0.0312704
0.17 0.0312884
0.18 0.0312764
0.19 0.0312379
0.2 0.0313519
0.21 0.0313633
0.22 0.0312014
0.23 0.0311398
0.24 0.0310729
0.25 0.0309464
0.26 0.0308237
0.27 0.0307029
0.28 0.0306744
0.29 0.0307719
0.3 0.0307418
0.31 0.0305639
0.32 0.0305394
0.33 0.0305799
0.34 0.0306065
0.35 0.0306764
0.36 0.0307298
0.37 0.0308841
0.38 0.0310335
0.39 0.0310942
0.4 0.031238
0.41 0.0316391
0.42 0.0316712
0.43 0.0316821
0.44 0.031795
0.45 0.0317308
0.46 0.0319102
0.47 0.0320323
0.48 0.0328535
0.49 0.0380359
0.5 0.0501457
0.51 0.0398004
0.52 0.036087
0.53 0.0363941
0.54 0.0373167
0.55 0.039112
0.56 0.0414729
0.57 0.0435519
0.58 0.0463078
0.59 0.0492439
0.6 0.0522016
0.61 0.056059
0.62 0.0601595
0.63 0.0647236
0.64 0.0697441
0.65 0.0748692
0.66 0.079901
0.67 0.0849856
0.68 0.0900596
0.69 0.0951048
0.7 0.100408
0.71 0.105629
0.72 0.110798
0.73 0.116503
0.74 0.122485
0.75 0.128527
0.76 0.13494
0.77 0.141573
0.78 0.148814
0.79 0.156688
0.8 0.164699
0.81 0.172436
0.82 0.18037
0.83 0.188395
0.84 0.196456
0.85 0.204501
0.86 0.212472
0.87 0.22018
0.88 0.227782
0.89 0.234996
0.9 0.241816
0.91 0.248291
0.92 0.253403
0.93 0.258513
0.94 0.263029
0.95 0.266386
0.96 0.269909
0.97 0.273166
0.98 0.278215
0.99 0.292997
