-1 0.34895
-0.99 0.320228
-0.98 0.304651
-0.97 0.299708
-0.96 0.299984
-0.95 0.298523
-0.94 0.296
-0.93 0.293199
-0.92 0.289156
-0.91 0.284856
-0.9 0.28004
-0.89 0.27424
-0.88 0.26818
-0.87 0.261787
-0.86 0.254616
-0.85 0.247008
-0.84 0.238616
-0.83 0.229138
-0.82 0.219001
-0.81 0.208343
-0.8 0.197262
-0.79 0.185927
-0.78 0.174557
-0.77 0.163537
-0.76 0.152972
-0.75 0.14326
-0.74 0.133543
-0.73 0.124343
-0.72 0.11557
-0.71 0.107446
-0.7 0.0997869
-0.69 0.0924789
-0.68 0.0857314
-0.67 0.0795216
-0.66 0.0738257
-0.65 0.0685796
-0.64 0.0639437
-0.63 0.0596594
-0.62 0.0558755
-0.61 0.0527133
-0.6 0.0499845
-0.59 0.0475122
-0.58 0.0453254
-0.57 0.0436287
-0.56 0.0417135
-0.55 0.0402675
-0.54 0.0390155
-0.53 0.0371169
-0.52 0.0370681
-0.51 0.041578
-0.5 0.0534091
-0.49 0.0406236
-0.48 0.035406
-0.47 0.0346709
-0.46 0.0352953
-0.45 0.0351445
-0.44 0.0350821
-0.43 0.0351923
-0.42 0.0349858
-0.41 0.0350525
-0.4 0.0350818
-0.39 0.0349128
-0.38 0.0348728
-0.37 0.0349128
-0.36 0.0348672
-0.35 0.0348194
-0.34 0.0347825
-0.33 0.0346757
-0.32 0.0346148
-0.31 0.0345904
-0.3 0.0346734
-0.29 0.0346228
-0.28 0.0345205
-0.27 0.0344995
-0.26 0.034383
-0.25 0.0344314
-0.24 0.0343535
-0.23 0.0343726
-0.22 0.0344031
-0.21 0.0345457
-0.2 0.0345697
-0.19 0.0344719
-0.18 0.0344804
-0.17 0.0344826
-0.16 0.0344999
-0.15 0.0344796
-0.14 0.0345059
-0.13 0.0344534
-0.12 0.0343865
-0.11 0.0344412
-0.1 0.0343941
-0.09 0.0342327
-0.08 0.0341729
-0.07 0.0343713
-0.06 0.0340866
-0.05 0.034088
-0.04 0.0341864
-0.03 0.0334708
-0.02 0.0341237
-0.01 0.0389656
8.88178e-16 0.0509434
0.01 0.0388645
0.02 0.0341384
0.03 0.0337253
0.04 0.0345392
0.05 0.0345306
0.06 0.0346208
0.07 0.0348608
0.08 0.0347495
0.09 0.0348706
0.1 0.0349348
0.11 0.0348129
0.12 0.0348787
0.13 0.0349434
0.14 0.0349461
0.15 0.0350178
0.16 0.0351024
0.17 0.0350897
0.18 0.0351011
0.19 0.0351169
0.2 0.0352063
0.21 0.0351528
0.22 0.0349934
0.23 0.0348783
0.24 0.0347243
0.25 0.0347573
0.26 0.0346619
0.27 0.0346561
0.28 0.0346691
0.29 0.0347901
0.3 0.0348185
0.31 0.0347548
0.32 0.0348081
0.33 0.0348686
0.34 0.0349474
0.35 0.034995
0.36 0.0350942
0.37 0.0351022
0.38 0.0350748
0.39 0.0351418
0.4 0.0350848
0.41 0.0349031
0.42 0.0347806
0.43 0.0348934
0.44 0.0345477
0.45 0.0345312
0.46 0.0345524
0.47 0.0337917
0.48 0.0345123
0.49 0.0396115
0.5 0.0521648
0.51 0.0405535
0.52 0.0363478
0.53 0.0367367
0.54 0.038767
0.55 0.0401714
0.56 0.041829
0.57 0.0437972
0.58 0.0455382
0.59 0.0478502
0.6 0.050394
0.61 0.0528152
0.62 0.0557777
0.63 0.0592033
0.64 0.0627951
0.65 0.0668558
0.66 0.071443
0.67 0.0763152
0.68 0.0818574
0.69 0.0879812
0.7 0.0946428
0.71 0.101705
0.72 0.109151
0.73 0.117051
0.74 0.12536
0.75 0.134271
0.76 0.143367
0.77 0.153024
0.78 0.163281
0.79 0.174054
0.8 0.185152
0.81 0.196424
0.82 0.207652
0.83 0.21868
0.84 0.229158
0.85 0.23908
0.86 0.248618
0.87 0.257302
0.88 0.265101
0.89 0.272479
0.9 0.278615
0.91 0.283786
0.92 0.28825
0.93 0.291839
0.94 0.293723
0.95 0.295878
0.96 0.297422
0.97 0.297155
0.98 0.302523
0.99 0.318907
