-1 0.333113
-0.99 0.305294
-0.98 0.289692
-0.97 0.28408
-0.96 0.283287
-0.95 0.28093
-0.94 0.277645
-0.93 0.274177
-0.92 0.269713
-0.91 0.265336
-0.9 0.260317
-0.89 0.254715
-0.88 0.248879
-0.87 0.242809
-0.86 0.236201
-0.85 0.229507
-0.84 0.222662
-0.83 0.215655
-0.82 0.208608
-0.81 0.201395
-0.8 0.193986
-0.79 0.186182
-0.78 0.177893
-0.77 0.169413
-0.76 0.160847
-0.75 0.152295
-0.74 0.143658
-0.73 0.135239
-0.72 0.127213
-0.71 0.119739
-0.7 0.112619
-0.69 0.105685
-0.68 0.0991622
-0.67 0.092964
-0.66 0.0871132
-0.65 0.0814257
-0.64 0.076164
-0.63 0.0711697
-0.62 0.0665381
-0.61 0.0624033
-0.6 0.0587938
-0.59 0.0555664
-0.58 0.0527293
-0.57 0.0504412
-0.56 0.0481645
-0.55 0.0464518
-0.54 0.0449756
-0.53 0.0427857
-0.52 0.0427728
-0.51 0.0478123
-0.5 0.0602517
-0.49 0.0466988
-0.48 0.0407375
-0.47 0.0397661
-0.46 0.0407158
-0.45 0.0408402
-0.44 0.0407935
-0.43 0.0408299
-0.42 0.0406519
-0.41 0.0407709
-0.4 0.0407716
-0.39 0.0405891
-0.38 0.040462
-0.37 0.0403426
-0.36 0.0402117
-0.35 0.0401385
-0.34 0.0400837
-0.33 0.0400127
-0.32 0.0399123
-0.31 0.0398347
-0.3 0.0398854
-0.29 0.039888
-0.28 0.0397869
-0.27 0.0397877
-0.26 0.0398693
-0.25 0.0399303
-0.24 0.0399366
-0.23 0.0399888
-0.22 0.0400064
-0.21 0.0400753
-0.2 0.0401399
-0.19 0.0400795
-0.18 0.0400582
-0.17 0.0400358
-0.16 0.0400865
-0.15 0.0400821
-0.14 0.0401014
-0.13 0.0400385
-0.12 0.0400226
-0.11 0.04011
-0.1 0.0401256
-0.09 0.040154
-0.08 0.0401383
-0.07 0.0403428
-0.06 0.0403063
-0.05 0.040349
-0.04 0.0402118
-0.03 0.0393114
-0.02 0.0404025
-0.01 0.0461484
8.88178e-16 0.0588843
0.01 0.0457306
0.02 0.0401858
0.03 0.0394943
0.04 0.0404288
0.05 0.0405469
0.06 0.0405726
0.07 0.0406797
0.08 0.0405745
0.09 0.0407941
0.1 0.0409287
0.11 0.0409179
0.12 0.040944
0.13 0.040935
0.14 0.0409049
0.15 0.0409144
0.16 0.0409071
0.17 0.0408436
0.18 0.0408174
0.19 0.0408023
0.2 0.0409715
0.21 0.0410655
0.22 0.0410776
0.23 0.0411586
0.24 0.0413054
0.25 0.041452
0.26 0.0415196
0.27 0.0415974
0.28 0.0416363
0.29 0.0416693
0.3 0.0416431
0.31 0.0414901
0.32 0.0413513
0.33 0.0412173
0.34 0.0411817
0.35 0.0411029
0.36 0.0411041
0.37 0.041023
0.38 0.0409575
0.39 0.0410115
0.4 0.0410401
0.41 0.0410506
0.42 0.0410489
0.43 0.0412735
0.44 0.0412757
0.45 0.0415386
0.46 0.0417341
0.47 0.0412125
0.48 0.0428231
0.49 0.0494442
0.5 0.0633433
0.51 0.0506662
0.52 0.0461419
0.53 0.0470699
0.54 0.0500717
0.55 0.0522856
0.56 0.0546358
0.57 0.0574493
0.58 0.0603424
0.59 0.0639005
0.6 0.067625
0.61 0.071431
0.62 0.0757762
0.63 0.0805761
0.64 0.0857218
0.65 0.0914396
0.66 0.0976225
0.67 0.104167
0.68 0.111273
0.69 0.118844
0.7 0.126897
0.71 0.135261
0.72 0.143792
0.73 0.152689
0.74 0.161814
0.75 0.17108
0.76 0.180073
0.77 0.189276
0.78 0.198489
0.79 0.207616
0.8 0.216604
0.81 0.225197
0.82 0.233683
0.83 0.241789
0.84 0.249359
0.85 0.255891
0.86 0.261798
0.87 0.266571
0.88 0.27058
0.89 0.274041
0.9 0.276581
0.91 0.27846
0.92 0.279908
0.93 0.281657
0.94 0.282787
0.95 0.28453
0.96 0.285955
0.97 0.285772
0.98 0.290788
0.99 0.3059
