-1 0.33637
-0.99 0.304566
-0.98 0.28626
-0.97 0.279057
-0.96 0.276069
-0.95 0.27123
-0.94 0.266689
-0.93 0.262427
-0.92 0.257385
-0.91 0.252694
-0.9 0.247553
-0.89 0.242368
-0.88 0.236977
-0.87 0.231563
-0.86 0.225938
-0.85 0.220252
-0.84 0.214697
-0.83 0.208857
-0.82 0.203036
-0.81 0.197228
-0.8 0.191407
-0.79 0.185174
-0.78 0.178703
-0.77 0.172024
-0.76 0.165404
-0.75 0.158793
-0.74 0.15215
-0.73 0.145443
-0.72 0.138685
-0.71 0.132165
-0.7 0.12564
-0.69 0.119014
-0.68 0.112453
-0.67 0.105977
-0.66 0.0994775
-0.65 0.0930331
-0.64 0.086943
-0.63 0.0811621
-0.62 0.0757573
-0.61 0.0706877
-0.6 0.0660212
-0.59 0.0620256
-0.58 0.0582726
-0.57 0.055002
-0.56 0.0524477
-0.55 0.05024
-0.54 0.0483259
-0.53 0.046042
-0.52 0.0454411
-0.51 0.0505254
-0.5 0.0638611
-0.49 0.0494395
-0.48 0.0432705
-0.47 0.0425588
-0.46 0.0432507
-0.45 0.0428234
-0.44 0.0426533
-0.43 0.0426471
-0.42 0.0424181
-0.41 0.042482
-0.4 0.0424409
-0.39 0.0423963
-0.38 0.0424901
-0.37 0.0425822
-0.36 0.0426258
-0.35 0.0427007
-0.34 0.0428068
-0.33 0.0428702
-0.32 0.0429111
-0.31 0.0429935
-0.3 0.0431371
-0.29 0.0431628
-0.28 0.0431077
-0.27 0.0431027
-0.26 0.0431476
-0.25 0.0432037
-0.24 0.0431672
-0.23 0.0432264
-0.22 0.0432635
-0.21 0.0433713
-0.2 0.0433622
-0.19 0.0433018
-0.18 0.0433096
-0.17 0.04337
-0.16 0.0433825
-0.15 0.0434029
-0.14 0.0434617
-0.13 0.0434691
-0.12 0.043391
-0.11 0.0433948
-0.1 0.043306
-0.09 0.0433191
-0.08 0.0432432
-0.07 0.0432691
-0.06 0.0434238
-0.05 0.0434424
-0.04 0.0434193
-0.03 0.0427495
-0.02 0.0432806
-0.01 0.0491895
8.88178e-16 0.0633923
0.01 0.049864
0.02 0.0441293
0.03 0.0436922
0.04 0.0446081
0.05 0.044322
0.06 0.0443479
0.07 0.0445228
0.08 0.0444239
0.09 0.0446422
0.1 0.0447786
0.11 0.0448502
0.12 0.0449259
0.13 0.0450004
0.14 0.0450006
0.15 0.0450437
0.16 0.0451022
0.17 0.0450397
0.18 0.0450302
0.19 0.0451598
0.2 0.0453521
0.21 0.0453808
0.22 0.0453395
0.23 0.0452449
0.24 0.0451679
0.25 0.0451234
0.26 0.04499
0.27 0.0449489
0.28 0.0448422
0.29 0.0448221
0.3 0.0448049
0.31 0.0447339
0.32 0.0446965
0.33 0.0446814
0.34 0.0445622
0.35 0.0444791
0.36 0.0444441
0.37 0.0444272
0.38 0.0443526
0.39 0.0443485
0.4 0.0442571
0.41 0.0442455
0.42 0.0441364
0.43 0.0441152
0.44 0.0441635
0.45 0.0441321
0.46 0.0440765
0.47 0.0433839
0.48 0.0439981
0.49 0.0501897
0.5 0.0649225
0.51 0.0519404
0.52 0.0467472
0.53 0.0470027
0.54 0.0488409
0.55 0.0496926
0.56 0.051033
0.57 0.0528548
0.58 0.054765
0.59 0.0572785
0.6 0.0599795
0.61 0.0630937
0.62 0.0667274
0.63 0.0708357
0.64 0.0752616
0.65 0.080182
0.66 0.0855648
0.67 0.0912138
0.68 0.0973885
0.69 0.104314
0.7 0.111865
0.71 0.119878
0.72 0.128368
0.73 0.137478
0.74 0.147146
0.75 0.157359
0.76 0.168031
0.77 0.179381
0.78 0.191393
0.79 0.203977
0.8 0.216507
0.81 0.228697
0.82 0.24031
0.83 0.251266
0.84 0.261187
0.85 0.269882
0.86 0.277553
0.87 0.284042
0.88 0.289335
0.89 0.293778
0.9 0.297164
0.91 0.29988
0.92 0.301638
0.93 0.302807
0.94 0.303181
0.95 0.303007
0.96 0.301991
0.97 0.298881
0.98 0.29962
0.99 0.311461
