-1 0.295377
-0.99 0.268759
-0.98 0.255329
-0.97 0.251511
-0.96 0.247255
-0.95 0.24462
-0.94 0.241015
-0.93 0.235748
-0.92 0.231406
-0.91 0.225958
-0.9 0.220329
-0.89 0.214822
-0.88 0.208805
-0.87 0.203009
-0.86 0.197067
-0.85 0.190841
-0.84 0.18445
-0.83 0.177851
-0.82 0.170924
-0.81 0.163619
-0.8 0.156246
-0.79 0.148478
-0.78 0.140478
-0.77 0.132556
-0.76 0.124765
-0.75 0.116738
-0.74 0.109525
-0.73 0.102521
-0.72 0.0956244
-0.71 0.0891839
-0.7 0.0829112
-0.69 0.0768693
-0.68 0.0712679
-0.67 0.0661598
-0.66 0.0612683
-0.65 0.0566586
-0.64 0.0524553
-0.63 0.0486609
-0.62 0.0450486
-0.61 0.0418005
-0.6 0.0389769
-0.59 0.0365728
-0.58 0.0344513
-0.57 0.0324472
-0.56 0.0310352
-0.55 0.0297438
-0.54 0.0282641
-0.53 0.0272371
-0.52 0.0270517
-0.51 0.0306696
-0.5 0.0394964
-0.49 0.0293448
-0.48 0.0263542
-0.47 0.0262312
-0.46 0.0259941
-0.45 0.0266637
-0.44 0.026606
-0.43 0.0265194
-0.42 0.0268297
-0.41 0.0267345
-0.4 0.0268251
-0.39 0.0268112
-0.38 0.0268161
-0.37 0.0269498
-0.36 0.0269213
-0.35 0.0270277
-0.34 0.0271035
-0.33 0.0271842
-0.32 0.0272065
-0.31 0.0272976
-0.3 0.0274777
-0.29 0.0275653
-0.28 0.0275307
-0.27 0.0276434
-0.26 0.0276752
-0.25 0.0276524
-0.24 0.027837
-0.23 0.0279828
-0.22 0.0281228
-0.21 0.0283536
-0.2 0.0284543
-0.19 0.0284499
-0.18 0.0285226
-0.17 0.0285846
-0.16 0.0286308
-0.15 0.0286622
-0.14 0.0287026
-0.13 0.0287015
-0.12 0.0286427
-0.11 0.0286449
-0.1 0.0286127
-0.09 0.0286663
-0.08 0.0285861
-0.07 0.0284629
-0.06 0.0287196
-0.05 0.0287511
-0.04 0.0284899
-0.03 0.0285071
-0.02 0.0288849
-0.01 0.0330028
8.88178e-16 0.0419948
0.01 0.0316553
0.02 0.0288904
0.03 0.0291142
0.04 0.0288849
0.05 0.029497
0.06 0.0294049
0.07 0.0292665
0.08 0.0295506
0.09 0.0293804
0.1 0.0293676
0.11 0.0292693
0.12 0.0291093
0.13 0.0290036
0.14 0.0287765
0.15 0.0286894
0.16 0.0285831
0.17 0.0284838
0.18 0.0283687
0.19 0.0282704
0.2 0.0283184
0.21 0.0282766
0.22 0.028142
0.23 0.0281636
0.24 0.0281095
0.25 0.0280019
0.26 0.0281157
0.27 0.0281657
0.28 0.0281225
0.29 0.0281551
0.3 0.0280182
0.31 0.0277872
0.32 0.0276458
0.33 0.0275051
0.34 0.0272692
0.35 0.0270112
0.36 0.0268018
0.37 0.0265528
0.38 0.0262961
0.39 0.0261548
0.4 0.0260132
0.41 0.026026
0.42 0.0259844
0.43 0.0257965
0.44 0.0260162
0.45 0.0260899
0.46 0.0257931
0.47 0.0260682
0.48 0.0266696
0.49 0.0309279
0.5 0.0408642
0.51 0.0314811
0.52 0.0293211
0.53 0.0303228
0.54 0.0312132
0.55 0.0333041
0.56 0.0346318
0.57 0.0361595
0.58 0.03838
0.59 0.0399981
0.6 0.0421236
0.61 0.0443412
0.62 0.0465943
0.63 0.0493122
0.64 0.0521898
0.65 0.0555055
0.66 0.0591046
0.67 0.063061
0.68 0.0671514
0.69 0.0716115
0.7 0.0766317
0.71 0.0819823
0.72 0.0876122
0.73 0.0941747
0.74 0.101281
0.75 0.108917
0.76 0.117764
0.77 0.127129
0.78 0.137158
0.79 0.147675
0.8 0.157795
0.81 0.167434
0.82 0.176844
0.83 0.185983
0.84 0.194633
0.85 0.203076
0.86 0.21109
0.87 0.218565
0.88 0.225621
0.89 0.232317
0.9 0.23834
0.91 0.24388
0.92 0.24837
0.93 0.25183
0.94 0.255724
0.95 0.257492
0.96 0.258027
0.97 0.259584
0.98 0.260826
0.99 0.271607
