-1 0.312348
-0.99 0.286346
-0.98 0.272211
-0.97 0.267274
-0.96 0.262634
-0.95 0.259603
-0.94 0.257205
-0.93 0.25326
-0.92 0.250045
-0.91 0.246141
-0.9 0.241481
-0.89 0.236903
-0.88 0.231934
-0.87 0.226525
-0.86 0.220878
-0.85 0.214848
-0.84 0.208621
-0.83 0.202372
-0.82 0.195938
-0.81 0.189385
-0.8 0.182747
-0.79 0.175196
-0.78 0.166801
-0.77 0.157969
-0.76 0.148755
-0.75 0.139166
-0.74 0.129651
-0.73 0.120438
-0.72 0.111637
-0.71 0.103523
-0.7 0.0958032
-0.69 0.0882032
-0.68 0.0812881
-0.67 0.0748474
-0.66 0.0686737
-0.65 0.0630209
-0.64 0.0577477
-0.63 0.0530015
-0.62 0.048831
-0.61 0.0451602
-0.6 0.0419195
-0.59 0.0391257
-0.58 0.036761
-0.57 0.0344169
-0.56 0.0328076
-0.55 0.0311148
-0.54 0.0294753
-0.53 0.0286859
-0.52 0.0287964
-0.51 0.0325078
-0.5 0.0412676
-0.49 0.0313753
-0.48 0.0278385
-0.47 0.0271598
-0.46 0.0265328
-0.45 0.0267789
-0.44 0.0268706
-0.43 0.0265431
-0.42 0.0266909
-0.41 0.0266189
-0.4 0.0264765
-0.39 0.0265197
-0.38 0.0264815
-0.37 0.0264881
-0.36 0.0265108
-0.35 0.0265219
-0.34 0.0265528
-0.33 0.0265789
-0.32 0.0266105
-0.31 0.0266422
-0.3 0.0268332
-0.29 0.0268526
-0.28 0.0266942
-0.27 0.0266302
-0.26 0.0265603
-0.25 0.026492
-0.24 0.0264767
-0.23 0.0265204
-0.22 0.0265158
-0.21 0.0266568
-0.2 0.0266542
-0.19 0.0265087
-0.18 0.0265156
-0.17 0.026623
-0.16 0.0266699
-0.15 0.0267035
-0.14 0.0267342
-0.13 0.0267533
-0.12 0.0267735
-0.11 0.0268255
-0.1 0.0269575
-0.09 0.0271065
-0.08 0.0271387
-0.07 0.0270395
-0.06 0.0272214
-0.05 0.0269524
-0.04 0.0265985
-0.03 0.0268716
-0.02 0.0276546
-0.01 0.0317551
8.88178e-16 0.0406512
0.01 0.0308767
0.02 0.0274856
0.03 0.0269124
0.04 0.0262924
0.05 0.026551
0.06 0.0267237
0.07 0.0264969
0.08 0.0266971
0.09 0.0266989
0.1 0.0266034
0.11 0.0266969
0.12 0.0267211
0.13 0.0268007
0.14 0.0268634
0.15 0.0268297
0.16 0.0267754
0.17 0.0267452
0.18 0.0267266
0.19 0.0266998
0.2 0.0268704
0.21 0.0268599
0.22 0.0267037
0.23 0.0266662
0.24 0.0266631
0.25 0.0266994
0.26 0.0267537
0.27 0.0268539
0.28 0.0268811
0.29 0.0271038
0.3 0.0271373
0.31 0.0269509
0.32 0.0269182
0.33 0.0270062
0.34 0.0269869
0.35 0.0269822
0.36 0.0269521
0.37 0.0268751
0.38 0.0267653
0.39 0.0267137
0.4 0.0267441
0.41 0.0268127
0.42 0.026844
0.43 0.0267417
0.44 0.026998
0.45 0.0269214
0.46 0.0268203
0.47 0.0275637
0.48 0.0287993
0.49 0.0332844
0.5 0.042958
0.51 0.0338992
0.52 0.0310706
0.53 0.0312669
0.54 0.0318017
0.55 0.0335109
0.56 0.035335
0.57 0.0369218
0.58 0.0391849
0.59 0.0411694
0.6 0.0434096
0.61 0.046249
0.62 0.0491957
0.63 0.0525773
0.64 0.0564016
0.65 0.0605748
0.66 0.0652275
0.67 0.0703153
0.68 0.0757722
0.69 0.0817413
0.7 0.0883946
0.71 0.0951464
0.72 0.102127
0.73 0.109816
0.74 0.117963
0.75 0.126483
0.76 0.135653
0.77 0.145017
0.78 0.154389
0.79 0.163828
0.8 0.172723
0.81 0.180966
0.82 0.189096
0.83 0.19692
0.84 0.204158
0.85 0.211111
0.86 0.217567
0.87 0.223931
0.88 0.230377
0.89 0.236458
0.9 0.242524
0.91 0.248435
0.92 0.253449
0.93 0.257881
0.94 0.262591
0.95 0.264911
0.96 0.267243
0.97 0.271087
0.98 0.274776
0.99 0.287687
