-1 0.24046
-0.99 0.223378
-0.98 0.215038
-0.97 0.214661
-0.96 0.216041
-0.95 0.213667
-0.94 0.211964
-0.93 0.211442
-0.92 0.208517
-0.91 0.205486
-0.9 0.202147
-0.89 0.197412
-0.88 0.192114
-0.87 0.186482
-0.86 0.180118
-0.85 0.172858
-0.84 0.164951
-0.83 0.156476
-0.82 0.14715
-0.81 0.137395
-0.8 0.1274
-0.79 0.117157
-0.78 0.106989
-0.77 0.0970521
-0.76 0.0873488
-0.75 0.0782333
-0.74 0.0699107
-0.73 0.0623797
-0.72 0.0557203
-0.71 0.0495718
-0.7 0.0441947
-0.69 0.0393884
-0.68 0.0351548
-0.67 0.0314614
-0.66 0.0282675
-0.65 0.0253987
-0.64 0.0229098
-0.63 0.0206473
-0.62 0.0186736
-0.61 0.0170683
-0.6 0.0156423
-0.59 0.0145018
-0.58 0.0137879
-0.57 0.0132665
-0.56 0.0123092
-0.55 0.0120088
-0.54 0.0121853
-0.53 0.0115436
-0.52 0.0114333
-0.51 0.0132428
-0.5 0.0181372
-0.49 0.0130498
-0.48 0.0116709
-0.47 0.0119388
-0.46 0.0119867
-0.45 0.0116386
-0.44 0.01177
-0.43 0.0118684
-0.42 0.0116093
-0.41 0.0117083
-0.4 0.0117743
-0.39 0.0116606
-0.38 0.011628
-0.37 0.01166
-0.36 0.0116828
-0.35 0.0117622
-0.34 0.0118181
-0.33 0.01186
-0.32 0.0118853
-0.31 0.0119298
-0.3 0.0120048
-0.29 0.0119881
-0.28 0.0119204
-0.27 0.0118924
-0.26 0.0118561
-0.25 0.0117449
-0.24 0.0117255
-0.23 0.0117111
-0.22 0.0117019
-0.21 0.0117234
-0.2 0.0117426
-0.19 0.011729
-0.18 0.0117496
-0.17 0.0117507
-0.16 0.0117987
-0.15 0.0118797
-0.14 0.011961
-0.13 0.0119798
-0.12 0.0119612
-0.11 0.0119811
-0.1 0.0118955
-0.09 0.0117975
-0.08 0.0117878
-0.07 0.0118061
-0.06 0.0114221
-0.05 0.011386
-0.04 0.0115408
-0.03 0.0111123
-0.02 0.0113473
-0.01 0.013136
8.88178e-16 0.0174253
0.01 0.0121633
0.02 0.0109702
0.03 0.0114297
0.04 0.0114797
0.05 0.0110948
0.06 0.0113392
0.07 0.0116186
0.08 0.011498
0.09 0.0117072
0.1 0.0117991
0.11 0.0116359
0.12 0.0116247
0.13 0.0116094
0.14 0.0115173
0.15 0.0114934
0.16 0.0114298
0.17 0.0113599
0.18 0.011252
0.19 0.0111935
0.2 0.0111762
0.21 0.0110781
0.22 0.0109623
0.23 0.0108775
0.24 0.0107739
0.25 0.0106554
0.26 0.0106201
0.27 0.0105558
0.28 0.0104952
0.29 0.0104958
0.3 0.0104661
0.31 0.0104556
0.32 0.0105183
0.33 0.0106012
0.34 0.010676
0.35 0.010746
0.36 0.0108262
0.37 0.0107988
0.38 0.0106826
0.39 0.0106254
0.4 0.0105
0.41 0.0102867
0.42 0.0101232
0.43 0.0101259
0.44 0.00983644
0.45 0.00985911
0.46 0.0101204
0.47 0.00987927
0.48 0.0101342
0.49 0.0119142
0.5 0.0162916
0.51 0.0112658
0.52 0.01053
0.53 0.0117666
0.54 0.0124155
0.55 0.0123939
0.56 0.0134158
0.57 0.0147107
0.58 0.0153793
0.59 0.0166019
0.6 0.0181936
0.61 0.0196499
0.62 0.0215606
0.63 0.023879
0.64 0.0264504
0.65 0.029602
0.66 0.0331991
0.67 0.0371992
0.68 0.041648
0.69 0.0466826
0.7 0.0522546
0.71 0.058251
0.72 0.0647271
0.73 0.07151
0.74 0.0784729
0.75 0.0855699
0.76 0.0927822
0.77 0.0998764
0.78 0.107153
0.79 0.114399
0.8 0.121966
0.81 0.12991
0.82 0.1381
0.83 0.146382
0.84 0.154639
0.85 0.162362
0.86 0.169904
0.87 0.17691
0.88 0.183375
0.89 0.189377
0.9 0.194237
0.91 0.198546
0.92 0.202332
0.93 0.205239
0.94 0.206206
0.95 0.208613
0.96 0.211373
0.97 0.210485
0.98 0.212281
0.99 0.222048
