-1 0.373496
-0.99 0.342471
-0.98 0.325742
-0.97 0.32106
-0.96 0.32145
-0.95 0.318844
-0.94 0.315156
-0.93 0.311384
-0.92 0.306992
-0.91 0.302678
-0.9 0.298086
-0.89 0.292807
-0.88 0.287106
-0.87 0.281064
-0.86 0.274531
-0.85 0.267834
-0.84 0.261226
-0.83 0.253966
-0.82 0.246618
-0.81 0.239046
-0.8 0.231079
-0.79 0.222746
-0.78 0.21409
-0.77 0.205166
-0.76 0.195988
-0.75 0.186788
-0.74 0.177094
-0.73 0.167656
-0.72 0.158293
-0.71 0.149125
-0.7 0.140265
-0.69 0.131697
-0.68 0.123469
-0.67 0.115698
-0.66 0.108332
-0.65 0.101363
-0.64 0.0948844
-0.63 0.0888488
-0.62 0.0831465
-0.61 0.0779372
-0.6 0.0734001
-0.59 0.0691018
-0.58 0.0651736
-0.57 0.061911
-0.56 0.0586019
-0.55 0.0560538
-0.54 0.0538948
-0.53 0.0503478
-0.52 0.0490177
-0.51 0.0540118
-0.5 0.068227
-0.49 0.052549
-0.48 0.0455933
-0.47 0.0446013
-0.46 0.0455423
-0.45 0.0453787
-0.44 0.045256
-0.43 0.0451677
-0.42 0.0449089
-0.41 0.0449004
-0.4 0.044841
-0.39 0.0447193
-0.38 0.0446662
-0.37 0.0446576
-0.36 0.0446704
-0.35 0.0446221
-0.34 0.0446251
-0.33 0.0445641
-0.32 0.0445279
-0.31 0.0445509
-0.3 0.0446117
-0.29 0.0445481
-0.28 0.0444341
-0.27 0.0444022
-0.26 0.0443557
-0.25 0.0443613
-0.24 0.0442313
-0.23 0.044225
-0.22 0.0441833
-0.21 0.0442121
-0.2 0.044244
-0.19 0.0442145
-0.18 0.0441648
-0.17 0.0441593
-0.16 0.0441488
-0.15 0.0440679
-0.14 0.0440551
-0.13 0.0440002
-0.12 0.0439531
-0.11 0.0439256
-0.1 0.0439692
-0.09 0.0439217
-0.08 0.0438569
-0.07 0.0440814
-0.06 0.0439877
-0.05 0.0441546
-0.04 0.0441847
-0.03 0.0427857
-0.02 0.0432676
-0.01 0.0491445
8.88178e-16 0.0633642
0.01 0.0492253
0.02 0.0435224
0.03 0.0432828
0.04 0.0445735
0.05 0.0446035
0.06 0.0446059
0.07 0.0446655
0.08 0.0446118
0.09 0.0447401
0.1 0.0448085
0.11 0.0447353
0.12 0.0447125
0.13 0.0447673
0.14 0.0447591
0.15 0.044755
0.16 0.0447888
0.17 0.0447731
0.18 0.0447689
0.19 0.0448054
0.2 0.044955
0.21 0.0450917
0.22 0.0451997
0.23 0.0453013
0.24 0.0453997
0.25 0.0455828
0.26 0.0455795
0.27 0.0456545
0.28 0.0456882
0.29 0.0457073
0.3 0.0456495
0.31 0.0455642
0.32 0.0454535
0.33 0.0454468
0.34 0.0454334
0.35 0.0453965
0.36 0.0454371
0.37 0.0454634
0.38 0.0454426
0.39 0.0454427
0.4 0.0455401
0.41 0.0455582
0.42 0.0455371
0.43 0.0457924
0.44 0.0457957
0.45 0.0461939
0.46 0.0465555
0.47 0.0454684
0.48 0.0464735
0.49 0.053477
0.5 0.069535
0.51 0.0555338
0.52 0.0506972
0.53 0.0523019
0.54 0.0560258
0.55 0.0585465
0.56 0.0615047
0.57 0.0649512
0.58 0.0685946
0.59 0.0727667
0.6 0.0770662
0.61 0.0816614
0.62 0.0867838
0.63 0.0923139
0.64 0.0980983
0.65 0.104341
0.66 0.111229
0.67 0.118438
0.68 0.126253
0.69 0.134461
0.7 0.142938
0.71 0.151679
0.72 0.160612
0.73 0.169626
0.74 0.178584
0.75 0.187602
0.76 0.195998
0.77 0.204303
0.78 0.212416
0.79 0.220296
0.8 0.227954
0.81 0.235515
0.82 0.243008
0.83 0.25064
0.84 0.257979
0.85 0.265283
0.86 0.272488
0.87 0.279338
0.88 0.285819
0.89 0.292127
0.9 0.298141
0.91 0.30362
0.92 0.308576
0.93 0.313449
0.94 0.317175
0.95 0.320988
0.96 0.323571
0.97 0.322844
0.98 0.327175
0.99 0.343201
