-1 0.360685
-0.99 0.329336
-0.98 0.311935
-0.97 0.306158
-0.96 0.305311
-0.95 0.302339
-0.94 0.298584
-0.93 0.294728
-0.92 0.289974
-0.91 0.284829
-0.9 0.278936
-0.89 0.272616
-0.88 0.265929
-0.87 0.258946
-0.86 0.251449
-0.85 0.243703
-0.84 0.235764
-0.83 0.227348
-0.82 0.218793
-0.81 0.210111
-0.8 0.201435
-0.79 0.192426
-0.78 0.183223
-0.77 0.174154
-0.76 0.165327
-0.75 0.156787
-0.74 0.148199
-0.73 0.139974
-0.72 0.13214
-0.71 0.124895
-0.7 0.117991
-0.69 0.111334
-0.68 0.105202
-0.67 0.0994499
-0.66 0.0940163
-0.65 0.088785
-0.64 0.0838958
-0.63 0.0793698
-0.62 0.0750726
-0.61 0.0711397
-0.6 0.0677925
-0.59 0.064874
-0.58 0.0620888
-0.57 0.0595898
-0.56 0.0573883
-0.55 0.0556782
-0.54 0.0538809
-0.53 0.0515915
-0.52 0.0520493
-0.51 0.0581954
-0.5 0.0724538
-0.49 0.0567467
-0.48 0.0498543
-0.47 0.048487
-0.46 0.0490011
-0.45 0.0486205
-0.44 0.048342
-0.43 0.048414
-0.42 0.048467
-0.41 0.0486611
-0.4 0.0486813
-0.39 0.0486935
-0.38 0.0487556
-0.37 0.0488269
-0.36 0.0488644
-0.35 0.0489271
-0.34 0.0489992
-0.33 0.0490104
-0.32 0.0491178
-0.31 0.0491887
-0.3 0.0493309
-0.29 0.0493182
-0.28 0.0492023
-0.27 0.0491911
-0.26 0.0491715
-0.25 0.0492221
-0.24 0.0490827
-0.23 0.0490101
-0.22 0.0489954
-0.21 0.0491286
-0.2 0.0491694
-0.19 0.049067
-0.18 0.0490898
-0.17 0.0491333
-0.16 0.0492247
-0.15 0.0491471
-0.14 0.0491332
-0.13 0.0491342
-0.12 0.0491408
-0.11 0.0491518
-0.1 0.0491896
-0.09 0.049256
-0.08 0.0491871
-0.07 0.0490948
-0.06 0.0489534
-0.05 0.0489648
-0.04 0.0486481
-0.03 0.0474992
-0.02 0.0487284
-0.01 0.0555005
8.88178e-16 0.0703951
0.01 0.0555665
0.02 0.0492018
0.03 0.0481105
0.04 0.0486546
0.05 0.0483139
0.06 0.0482262
0.07 0.0484366
0.08 0.0485254
0.09 0.048723
0.1 0.0487082
0.11 0.0485815
0.12 0.0485098
0.13 0.0484355
0.14 0.0483642
0.15 0.0483331
0.16 0.048255
0.17 0.0480875
0.18 0.0480821
0.19 0.0480225
0.2 0.0480383
0.21 0.0479239
0.22 0.0477534
0.23 0.0476769
0.24 0.0475683
0.25 0.0475683
0.26 0.0474111
0.27 0.0473671
0.28 0.0473444
0.29 0.0474268
0.3 0.0474634
0.31 0.0473272
0.32 0.0472734
0.33 0.0472733
0.34 0.0473135
0.35 0.0471444
0.36 0.0470459
0.37 0.0469961
0.38 0.0469104
0.39 0.0468581
0.4 0.0468506
0.41 0.046869
0.42 0.0467731
0.43 0.0467802
0.44 0.0468457
0.45 0.0471746
0.46 0.0472206
0.47 0.0465112
0.48 0.0482188
0.49 0.0555926
0.5 0.0712591
0.51 0.0570491
0.52 0.0516106
0.53 0.0519519
0.54 0.0543359
0.55 0.0557548
0.56 0.0573854
0.57 0.0596416
0.58 0.0621683
0.59 0.0650663
0.6 0.0680343
0.61 0.0713924
0.62 0.0752547
0.63 0.0795129
0.64 0.0842396
0.65 0.0895099
0.66 0.0954037
0.67 0.101756
0.68 0.108707
0.69 0.116122
0.7 0.124099
0.71 0.132162
0.72 0.140356
0.73 0.148887
0.74 0.157559
0.75 0.166274
0.76 0.174395
0.77 0.182493
0.78 0.190421
0.79 0.198349
0.8 0.206181
0.81 0.213969
0.82 0.221985
0.83 0.23016
0.84 0.238483
0.85 0.24664
0.86 0.254917
0.87 0.263202
0.88 0.270806
0.89 0.277992
0.9 0.284652
0.91 0.290376
0.92 0.29516
0.93 0.29946
0.94 0.302891
0.95 0.305953
0.96 0.307688
0.97 0.307659
0.98 0.313038
0.99 0.329956
