-1 0.34321
-0.99 0.31496
-0.98 0.299472
-0.97 0.29519
-0.96 0.294487
-0.95 0.290642
-0.94 0.286033
-0.93 0.280999
-0.92 0.275069
-0.91 0.268584
-0.9 0.261967
-0.89 0.254547
-0.88 0.246813
-0.87 0.238911
-0.86 0.231004
-0.85 0.223007
-0.84 0.215075
-0.83 0.207115
-0.82 0.199315
-0.81 0.191886
-0.8 0.184536
-0.79 0.176949
-0.78 0.169036
-0.77 0.160844
-0.76 0.15228
-0.75 0.143359
-0.74 0.134238
-0.73 0.125333
-0.72 0.116574
-0.71 0.108255
-0.7 0.100345
-0.69 0.0930183
-0.68 0.0861515
-0.67 0.0798187
-0.66 0.0739378
-0.65 0.0686652
-0.64 0.0638078
-0.63 0.0595433
-0.62 0.0557916
-0.61 0.0523716
-0.6 0.0495897
-0.59 0.0472362
-0.58 0.0446615
-0.57 0.0421897
-0.56 0.0403089
-0.55 0.0388553
-0.54 0.0375701
-0.53 0.0350905
-0.52 0.034166
-0.51 0.038266
-0.5 0.0494208
-0.49 0.0371462
-0.48 0.0322148
-0.47 0.0318429
-0.46 0.0323807
-0.45 0.0319696
-0.44 0.0318833
-0.43 0.0318917
-0.42 0.0317693
-0.41 0.0317609
-0.4 0.0317698
-0.39 0.0316925
-0.38 0.0316718
-0.37 0.0316621
-0.36 0.0316789
-0.35 0.0316872
-0.34 0.0317471
-0.33 0.0317189
-0.32 0.0316987
-0.31 0.0317494
-0.3 0.0318268
-0.29 0.0318255
-0.28 0.031799
-0.27 0.0318868
-0.26 0.0319224
-0.25 0.0319958
-0.24 0.0320096
-0.23 0.0321483
-0.22 0.0321632
-0.21 0.0321872
-0.2 0.0321193
-0.19 0.0320495
-0.18 0.0320058
-0.17 0.0319947
-0.16 0.0319661
-0.15 0.0319849
-0.14 0.0319173
-0.13 0.0318911
-0.12 0.0319356
-0.11 0.0319066
-0.1 0.0319612
-0.09 0.0321055
-0.08 0.0320501
-0.07 0.0319178
-0.06 0.0319155
-0.05 0.0319619
-0.04 0.032091
-0.03 0.0311435
-0.02 0.0313297
-0.01 0.0360028
8.88178e-16 0.0472082
0.01 0.0356076
0.02 0.0311501
0.03 0.0309574
0.04 0.0314825
0.05 0.0312572
0.06 0.0314098
0.07 0.0314571
0.08 0.0313164
0.09 0.031384
0.1 0.0314188
0.11 0.0313651
0.12 0.0314056
0.13 0.0314391
0.14 0.031431
0.15 0.0314311
0.16 0.0314406
0.17 0.0313693
0.18 0.0313486
0.19 0.0314485
0.2 0.0315409
0.21 0.0315025
0.22 0.031389
0.23 0.0314073
0.24 0.0313827
0.25 0.0313706
0.26 0.0312608
0.27 0.0312736
0.28 0.0312214
0.29 0.0312726
0.3 0.0312749
0.31 0.0312618
0.32 0.0312726
0.33 0.031298
0.34 0.0312916
0.35 0.0313187
0.36 0.0313243
0.37 0.0313136
0.38 0.0312954
0.39 0.0311997
0.4 0.0312074
0.41 0.0312929
0.42 0.0311369
0.43 0.0311334
0.44 0.0313797
0.45 0.0316167
0.46 0.0320064
0.47 0.031607
0.48 0.0322019
0.49 0.0373036
0.5 0.0492994
0.51 0.0382959
0.52 0.0345601
0.53 0.0355938
0.54 0.0377065
0.55 0.0388691
0.56 0.0406003
0.57 0.042657
0.58 0.0445975
0.59 0.0468011
0.6 0.0493822
0.61 0.052181
0.62 0.0552009
0.63 0.058698
0.64 0.062651
0.65 0.066879
0.66 0.071571
0.67 0.0767331
0.68 0.082488
0.69 0.0889515
0.7 0.0961048
0.71 0.103741
0.72 0.111961
0.73 0.120784
0.74 0.129996
0.75 0.1396
0.76 0.149397
0.77 0.15954
0.78 0.169704
0.79 0.179951
0.8 0.189782
0.81 0.199368
0.82 0.208738
0.83 0.217721
0.84 0.226264
0.85 0.23446
0.86 0.242212
0.87 0.249934
0.88 0.257418
0.89 0.264382
0.9 0.271217
0.91 0.277016
0.92 0.281871
0.93 0.28662
0.94 0.290994
0.95 0.294458
0.96 0.297161
0.97 0.297334
0.98 0.300941
0.99 0.315698
