-1 0.0444359
-0.99 0.0351126
-0.98 0.030769
-0.97 0.0299575
-0.96 0.029646
-0.95 0.0298442
-0.94 0.0301288
-0.93 0.0300687
-0.92 0.0302728
-0.91 0.0302566
-0.9 0.0300788
-0.89 0.030062
-0.88 0.0300642
-0.87 0.0300277
-0.86 0.0299687
-0.85 0.0299218
-0.84 0.0299282
-0.83 0.0298954
-0.82 0.0298354
-0.81 0.0297372
-0.8 0.0298398
-0.79 0.0297959
-0.78 0.0295594
-0.77 0.0295829
-0.76 0.0295458
-0.75 0.0295688
-0.74 0.0295817
-0.73 0.0296273
-0.72 0.0296007
-0.71 0.0297831
-0.7 0.0297939
-0.69 0.029584
-0.68 0.0295878
-0.67 0.0296109
-0.66 0.0295267
-0.65 0.0294844
-0.64 0.0294306
-0.63 0.0292827
-0.62 0.0291326
-0.61 0.0289358
-0.6 0.0287582
-0.59 0.02872
-0.58 0.0286201
-0.57 0.0282959
-0.56 0.0284778
-0.55 0.0281033
-0.54 0.0277072
-0.53 0.0284795
-0.52 0.0291593
-0.51 0.0329008
-0.5 0.0427498
-0.49 0.0334079
-0.48 0.0295211
-0.47 0.0289964
-0.46 0.0289028
-0.45 0.0294162
-0.44 0.0298309
-0.43 0.0298629
-0.42 0.0302916
-0.41 0.0303782
-0.4 0.0303419
-0.39 0.0305651
-0.38 0.0307851
-0.37 0.0310313
-0.36 0.031236
-0.35 0.0314237
-0.34 0.0316985
-0.33 0.0319946
-0.32 0.0322374
-0.31 0.0325366
-0.3 0.0330033
-0.29 0.0333293
-0.28 0.0334757
-0.27 0.0338969
-0.26 0.034328
-0.25 0.034807
-0.24 0.0354282
-0.23 0.03618
-0.22 0.0369559
-0.21 0.0380366
-0.2 0.0390191
-0.19 0.0398619
-0.18 0.0409641
-0.17 0.0422023
-0.16 0.0434799
-0.15 0.0449566
-0.14 0.0466546
-0.13 0.0484792
-0.12 0.0504472
-0.11 0.0525795
-0.1 0.0548904
-0.09 0.0573363
-0.08 0.0596444
-0.07 0.0615885
-0.06 0.0640168
-0.05 0.0648866
-0.04 0.0654432
-0.03 0.0662574
-0.02 0.0646858
-0.01 0.068824
8.88178e-16 0.0825456
0.01 0.0663268
0.02 0.0568319
0.03 0.0525412
0.04 0.0457993
0.05 0.0385631
0.06 0.0318328
0.07 0.0243865
0.08 0.0179412
0.09 0.0129536
0.1 0.0104172
0.11 0.0113372
0.12 0.0148359
0.13 0.0200465
0.14 0.0263532
0.15 0.0329718
0.16 0.0391979
0.17 0.0445794
0.18 0.0488448
0.19 0.0518781
0.2 0.0538402
0.21 0.0545912
0.22 0.0542987
0.23 0.0534674
0.24 0.0521272
0.25 0.0504203
0.26 0.0488532
0.27 0.0473867
0.28 0.0460289
0.29 0.0449115
0.3 0.0437214
0.31 0.0425048
0.32 0.0416007
0.33 0.0407399
0.34 0.0399178
0.35 0.0392954
0.36 0.0387559
0.37 0.0381955
0.38 0.0377528
0.39 0.037386
0.4 0.0370873
0.41 0.0369974
0.42 0.0367866
0.43 0.0363307
0.44 0.0363501
0.45 0.0358046
0.46 0.0353012
0.47 0.0357266
0.48 0.0357831
0.49 0.0394887
0.5 0.0503081
0.51 0.0396996
0.52 0.0345393
0.53 0.0333734
0.54 0.0328802
0.55 0.0328414
0.56 0.032851
0.57 0.0325238
0.58 0.0325648
0.59 0.0324237
0.6 0.0321776
0.61 0.0320725
0.62 0.0320013
0.63 0.0319727
0.64 0.0319428
0.65 0.0318663
0.66 0.0319371
0.67 0.0320342
0.68 0.0320941
0.69 0.0321658
0.7 0.0324426
0.71 0.0325527
0.72 0.0324656
0.73 0.032624
0.74 0.0326199
0.75 0.0327265
0.76 0.0328867
0.77 0.0330478
0.78 0.0331285
0.79 0.0333939
0.8 0.03339
0.81 0.033085
0.82 0.0329684
0.83 0.0328535
0.84 0.0326222
0.85 0.0324326
0.86 0.0321667
0.87 0.031864
0.88 0.0315938
0.89 0.0313637
0.9 0.0311228
0.91 0.0309888
0.92 0.0308072
0.93 0.0303762
0.94 0.0304395
0.95 0.0300329
0.96 0.0295573
0.97 0.0301199
0.98 0.0304946
0.99 0.0340944
