-1 0.0263457
-0.99 0.0187938
-0.98 0.0161561
-0.97 0.0157942
-0.96 0.0161577
-0.95 0.0161988
-0.94 0.0162533
-0.93 0.0163228
-0.92 0.0162113
-0.91 0.0162911
-0.9 0.0162752
-0.89 0.0162538
-0.88 0.0162931
-0.87 0.0163502
-0.86 0.0163738
-0.85 0.0164198
-0.84 0.0164689
-0.83 0.016485
-0.82 0.0165082
-0.81 0.0165265
-0.8 0.0166332
-0.79 0.0166805
-0.78 0.0166455
-0.77 0.0166355
-0.76 0.0166379
-0.75 0.0166448
-0.74 0.0166282
-0.73 0.0166207
-0.72 0.0166128
-0.71 0.0166679
-0.7 0.0167092
-0.69 0.0166826
-0.68 0.0167201
-0.67 0.0167575
-0.66 0.0168318
-0.65 0.0168247
-0.64 0.0168234
-0.63 0.0168028
-0.62 0.016804
-0.61 0.0168747
-0.6 0.0168839
-0.59 0.0168156
-0.58 0.0167412
-0.57 0.0168209
-0.56 0.0166895
-0.55 0.0167166
-0.54 0.0168028
-0.53 0.0161678
-0.52 0.0159897
-0.51 0.018352
-0.5 0.0265579
-0.49 0.0190631
-0.48 0.0164144
-0.47 0.0160721
-0.46 0.0164803
-0.45 0.0164665
-0.44 0.0164741
-0.43 0.0165236
-0.42 0.0163976
-0.41 0.0164673
-0.4 0.0164797
-0.39 0.0164649
-0.38 0.0164978
-0.37 0.0165314
-0.36 0.0165152
-0.35 0.016515
-0.34 0.0165487
-0.33 0.0165766
-0.32 0.0165718
-0.31 0.0165564
-0.3 0.016609
-0.29 0.0165916
-0.28 0.0165122
-0.27 0.0164899
-0.26 0.016503
-0.25 0.0165323
-0.24 0.0164957
-0.23 0.0164824
-0.22 0.0165059
-0.21 0.016595
-0.2 0.0166237
-0.19 0.0165394
-0.18 0.0165381
-0.17 0.0165373
-0.16 0.0165977
-0.15 0.0165662
-0.14 0.0165409
-0.13 0.0165079
-0.12 0.0165253
-0.11 0.0165845
-0.1 0.0165686
-0.09 0.0165061
-0.08 0.0164585
-0.07 0.0165575
-0.06 0.0164457
-0.05 0.0164425
-0.04 0.0164576
-0.03 0.0158822
-0.02 0.0158255
-0.01 0.0181672
8.88178e-16 0.0261129
0.01 0.0187215
0.02 0.016195
0.03 0.0159252
0.04 0.0164049
0.05 0.0164375
0.06 0.0164153
0.07 0.0164182
0.08 0.0162627
0.09 0.0162708
0.1 0.0162267
0.11 0.016205
0.12 0.01623
0.13 0.0162505
0.14 0.0162083
0.15 0.0161801
0.16 0.016161
0.17 0.01612
0.18 0.0161148
0.19 0.0161054
0.2 0.0161575
0.21 0.0161473
0.22 0.0160783
0.23 0.0160783
0.24 0.0160988
0.25 0.0161268
0.26 0.0161211
0.27 0.0161336
0.28 0.0161526
0.29 0.0162383
0.3 0.0162782
0.31 0.0161991
0.32 0.0161948
0.33 0.0162094
0.34 0.0162638
0.35 0.0162439
0.36 0.0162479
0.37 0.0162354
0.38 0.0162573
0.39 0.0163034
0.4 0.0162757
0.41 0.0162043
0.42 0.0161573
0.43 0.0162641
0.44 0.0161457
0.45 0.0161136
0.46 0.0161532
0.47 0.0156048
0.48 0.0156015
0.49 0.0181273
0.5 0.026339
0.51 0.0187364
0.52 0.0161306
0.53 0.0158626
0.54 0.0163049
0.55 0.0163053
0.56 0.0163284
0.57 0.016452
0.58 0.0163925
0.59 0.0165315
0.6 0.0165593
0.61 0.0165337
0.62 0.016585
0.63 0.0166351
0.64 0.0166312
0.65 0.0166465
0.66 0.0166788
0.67 0.0167029
0.68 0.0167132
0.69 0.0166969
0.7 0.0167594
0.71 0.016772
0.72 0.01672
0.73 0.0167086
0.74 0.0167299
0.75 0.0167706
0.76 0.0167359
0.77 0.0167157
0.78 0.0166971
0.79 0.0167548
0.8 0.0167637
0.81 0.0166531
0.82 0.01659
0.83 0.0165386
0.84 0.0165446
0.85 0.0164772
0.86 0.0164161
0.87 0.0163477
0.88 0.0163289
0.89 0.0163768
0.9 0.0163665
0.91 0.0162947
0.92 0.0162322
0.93 0.016344
0.94 0.0162269
0.95 0.0162402
0.96 0.0163274
0.97 0.0157794
0.98 0.0157342
0.99 0.0181939
