-1 0.028939
-0.99 0.0203077
-0.98 0.0175018
-0.97 0.017433
-0.96 0.0179753
-0.95 0.0179207
-0.94 0.0179662
-0.93 0.0180401
-0.92 0.0179597
-0.91 0.0180279
-0.9 0.0180828
-0.89 0.0180597
-0.88 0.0180423
-0.87 0.0180917
-0.86 0.0180782
-0.85 0.018077
-0.84 0.0181407
-0.83 0.018144
-0.82 0.0181366
-0.81 0.0181705
-0.8 0.0182703
-0.79 0.0182589
-0.78 0.0182104
-0.77 0.0182284
-0.76 0.0182281
-0.75 0.01828
-0.74 0.0182263
-0.73 0.0182514
-0.72 0.0182663
-0.71 0.0183371
-0.7 0.0183384
-0.69 0.0182967
-0.68 0.0182446
-0.67 0.0182582
-0.66 0.0183131
-0.65 0.0183322
-0.64 0.0183535
-0.63 0.0183428
-0.62 0.0183361
-0.61 0.0183545
-0.6 0.0184205
-0.59 0.0184293
-0.58 0.0183467
-0.57 0.0184588
-0.56 0.0183454
-0.55 0.0184266
-0.54 0.0186255
-0.53 0.0178354
-0.52 0.0174102
-0.51 0.0198496
-0.5 0.0289499
-0.49 0.020572
-0.48 0.0177824
-0.47 0.0176788
-0.46 0.0182433
-0.45 0.0181779
-0.44 0.0182032
-0.43 0.0182575
-0.42 0.0181828
-0.41 0.018245
-0.4 0.0182751
-0.39 0.0182552
-0.38 0.0182167
-0.37 0.0182271
-0.36 0.0182106
-0.35 0.0181982
-0.34 0.0182635
-0.33 0.0182883
-0.32 0.01825
-0.31 0.0182688
-0.3 0.0183461
-0.29 0.0183326
-0.28 0.0182962
-0.27 0.0183209
-0.26 0.0183423
-0.25 0.01842
-0.24 0.0183526
-0.23 0.0183591
-0.22 0.0183447
-0.21 0.0183773
-0.2 0.0183601
-0.19 0.0183397
-0.18 0.0183429
-0.17 0.0183764
-0.16 0.0183744
-0.15 0.0183362
-0.14 0.0183447
-0.13 0.0183167
-0.12 0.0182621
-0.11 0.0182226
-0.1 0.018247
-0.09 0.018205
-0.08 0.0180739
-0.07 0.0181297
-0.06 0.0180223
-0.05 0.0180495
-0.04 0.0181408
-0.03 0.017409
-0.02 0.017182
-0.01 0.0197085
8.88178e-16 0.0285515
0.01 0.0200207
0.02 0.0172892
0.03 0.0172899
0.04 0.017926
0.05 0.0179081
0.06 0.0179557
0.07 0.0180487
0.08 0.0179798
0.09 0.0180154
0.1 0.0180253
0.11 0.0180085
0.12 0.0179958
0.13 0.0180305
0.14 0.0180214
0.15 0.0179912
0.16 0.0180068
0.17 0.0180019
0.18 0.018012
0.19 0.018043
0.2 0.0181136
0.21 0.0181024
0.22 0.0180645
0.23 0.0180743
0.24 0.0180883
0.25 0.018119
0.26 0.0180604
0.27 0.018076
0.28 0.0180696
0.29 0.0181526
0.3 0.0182024
0.31 0.0182386
0.32 0.0182378
0.33 0.0182506
0.34 0.0182684
0.35 0.0182809
0.36 0.0183384
0.37 0.0183317
0.38 0.0182994
0.39 0.0183249
0.4 0.0183792
0.41 0.0183456
0.42 0.0182729
0.43 0.0184074
0.44 0.0183413
0.45 0.0183522
0.46 0.0183789
0.47 0.0176457
0.48 0.0175256
0.49 0.0202108
0.5 0.0291268
0.51 0.0203233
0.52 0.017542
0.53 0.0176042
0.54 0.0182766
0.55 0.0182394
0.56 0.0182735
0.57 0.0183147
0.58 0.0182024
0.59 0.0182517
0.6 0.0182527
0.61 0.0181799
0.62 0.0181328
0.63 0.0181461
0.64 0.0181297
0.65 0.018136
0.66 0.0181707
0.67 0.0181764
0.68 0.0181869
0.69 0.0182484
0.7 0.0183384
0.71 0.0183331
0.72 0.0182764
0.73 0.0182906
0.74 0.0183082
0.75 0.0183515
0.76 0.018296
0.77 0.0183444
0.78 0.0183686
0.79 0.0184531
0.8 0.0184907
0.81 0.0184849
0.82 0.018464
0.83 0.0184607
0.84 0.0184532
0.85 0.0184189
0.86 0.018427
0.87 0.0183971
0.88 0.0183432
0.89 0.0183474
0.9 0.0183767
0.91 0.0183188
0.92 0.0182375
0.93 0.0183619
0.94 0.0182497
0.95 0.0182417
0.96 0.0183227
0.97 0.0175508
0.98 0.017321
0.99 0.0199358
