-1 0.0278313
-0.99 0.0193875
-0.98 0.0167218
-0.97 0.0166954
-0.96 0.0171911
-0.95 0.0170792
-0.94 0.0171077
-0.93 0.0172729
-0.92 0.0171125
-0.91 0.0170736
-0.9 0.0170661
-0.89 0.0169623
-0.88 0.0169227
-0.87 0.0169345
-0.86 0.0169087
-0.85 0.0168765
-0.84 0.0168662
-0.83 0.0167959
-0.82 0.0167695
-0.81 0.0167658
-0.8 0.0168237
-0.79 0.016802
-0.78 0.0167164
-0.77 0.0166907
-0.76 0.0166498
-0.75 0.0166907
-0.74 0.0166185
-0.73 0.0166187
-0.72 0.0166328
-0.71 0.0167273
-0.7 0.0167383
-0.69 0.0166477
-0.68 0.0166784
-0.67 0.0167305
-0.66 0.0167364
-0.65 0.0167413
-0.64 0.0167876
-0.63 0.0167647
-0.62 0.0167501
-0.61 0.0168505
-0.6 0.0168842
-0.59 0.0168651
-0.58 0.0169036
-0.57 0.0170896
-0.56 0.0169257
-0.55 0.0170247
-0.54 0.0172038
-0.53 0.0166
-0.52 0.016546
-0.51 0.0192976
-0.5 0.028164
-0.49 0.0196635
-0.48 0.0169079
-0.47 0.0168329
-0.46 0.0173396
-0.45 0.0172089
-0.44 0.0172081
-0.43 0.0173814
-0.42 0.0172602
-0.41 0.0172683
-0.4 0.0172936
-0.39 0.0172315
-0.38 0.0172452
-0.37 0.0173146
-0.36 0.0173027
-0.35 0.0172744
-0.34 0.0173203
-0.33 0.0173314
-0.32 0.0173438
-0.31 0.01735
-0.3 0.0174116
-0.29 0.0174174
-0.28 0.0173643
-0.27 0.0173639
-0.26 0.0173627
-0.25 0.0174657
-0.24 0.017428
-0.23 0.0174123
-0.22 0.0174206
-0.21 0.017514
-0.2 0.0175147
-0.19 0.0173973
-0.18 0.0174006
-0.17 0.0174357
-0.16 0.0174244
-0.15 0.0173621
-0.14 0.0173649
-0.13 0.0173447
-0.12 0.0173066
-0.11 0.0173572
-0.1 0.0173715
-0.09 0.0173084
-0.08 0.0172846
-0.07 0.0174052
-0.06 0.0171986
-0.05 0.0172091
-0.04 0.0172122
-0.03 0.0164575
-0.02 0.0163091
-0.01 0.0189434
8.88178e-16 0.0276986
0.01 0.0194633
0.02 0.0168072
0.03 0.0167171
0.04 0.0171986
0.05 0.0170651
0.06 0.0170641
0.07 0.0172373
0.08 0.0171259
0.09 0.0171082
0.1 0.0171185
0.11 0.0171078
0.12 0.0171895
0.13 0.0172874
0.14 0.017284
0.15 0.0172596
0.16 0.0172787
0.17 0.0172237
0.18 0.0172238
0.19 0.0172395
0.2 0.017306
0.21 0.0172986
0.22 0.0172243
0.23 0.0172038
0.24 0.0172024
0.25 0.0172958
0.26 0.0172737
0.27 0.0172699
0.28 0.0172803
0.29 0.0173668
0.3 0.0173408
0.31 0.0172054
0.32 0.0171844
0.33 0.0171906
0.34 0.0171887
0.35 0.0171609
0.36 0.0171827
0.37 0.0171601
0.38 0.0171164
0.39 0.0171429
0.4 0.0171347
0.41 0.017054
0.42 0.0170445
0.43 0.0171708
0.44 0.0169394
0.45 0.0169195
0.46 0.0169416
0.47 0.0162483
0.48 0.0162208
0.49 0.0189786
0.5 0.0276908
0.51 0.0191032
0.52 0.016432
0.53 0.0164725
0.54 0.0170108
0.55 0.0168884
0.56 0.0168878
0.57 0.0170598
0.58 0.0169419
0.59 0.016975
0.6 0.0170292
0.61 0.0169638
0.62 0.0169997
0.63 0.0170826
0.64 0.0170971
0.65 0.0170897
0.66 0.0171162
0.67 0.017098
0.68 0.017113
0.69 0.017128
0.7 0.0171796
0.71 0.0171507
0.72 0.0170674
0.73 0.0170441
0.74 0.0170018
0.75 0.0170955
0.76 0.0170197
0.77 0.0170043
0.78 0.0169995
0.79 0.0170967
0.8 0.0170864
0.81 0.0169631
0.82 0.0169633
0.83 0.0169912
0.84 0.0169898
0.85 0.0169844
0.86 0.0170253
0.87 0.01703
0.88 0.0170227
0.89 0.0171007
0.9 0.0171403
0.91 0.0171047
0.92 0.0171098
0.93 0.0172437
0.94 0.0170316
0.95 0.01706
0.96 0.0171534
0.97 0.016513
0.98 0.0164672
0.99 0.0191584
