-1 0.00969545
-0.99 0.00685148
-0.98 0.0056385
-0.97 0.00521676
-0.96 0.00544497
-0.95 0.00535816
-0.94 0.0051667
-0.93 0.00522971
-0.92 0.0052035
-0.91 0.00521907
-0.9 0.00524709
-0.89 0.0052428
-0.88 0.00520997
-0.87 0.00519475
-0.86 0.00522021
-0.85 0.00523253
-0.84 0.00522779
-0.83 0.00522487
-0.82 0.00520567
-0.81 0.00522013
-0.8 0.00527872
-0.79 0.00525709
-0.78 0.00520707
-0.77 0.0051849
-0.76 0.00517012
-0.75 0.00515618
-0.74 0.00515575
-0.73 0.00512382
-0.72 0.00513691
-0.71 0.00512166
-0.7 0.00509102
-0.69 0.00501238
-0.68 0.00495574
-0.67 0.00490226
-0.66 0.00484792
-0.65 0.00477851
-0.64 0.00473672
-0.63 0.00470346
-0.62 0.00467426
-0.61 0.00467677
-0.6 0.00466863
-0.59 0.00459379
-0.58 0.00452795
-0.57 0.00459763
-0.56 0.00445524
-0.55 0.00441785
-0.54 0.00462843
-0.53 0.0045133
-0.52 0.00428359
-0.51 0.00480072
-0.5 0.00838047
-0.49 0.00546199
-0.48 0.004587
-0.47 0.00441619
-0.46 0.00456187
-0.45 0.00449055
-0.44 0.00442048
-0.43 0.00443064
-0.42 0.0043391
-0.41 0.00440314
-0.4 0.00440172
-0.39 0.00435206
-0.38 0.00434193
-0.37 0.00433293
-0.36 0.00433731
-0.35 0.00434877
-0.34 0.00435129
-0.33 0.00435164
-0.32 0.00437137
-0.31 0.0043883
-0.3 0.00442844
-0.29 0.00441868
-0.28 0.00440724
-0.27 0.00441883
-0.26 0.00443982
-0.25 0.00444459
-0.24 0.00448639
-0.23 0.00449372
-0.22 0.00453818
-0.21 0.00457375
-0.2 0.0045904
-0.19 0.00457234
-0.18 0.00455786
-0.17 0.00454263
-0.16 0.00453612
-0.15 0.00450882
-0.14 0.00451626
-0.13 0.00449811
-0.12 0.00447497
-0.11 0.00450279
-0.1 0.00450173
-0.09 0.00446739
-0.08 0.00445421
-0.07 0.00454207
-0.06 0.00440235
-0.05 0.00442274
-0.04 0.00463285
-0.03 0.00448144
-0.02 0.00427489
-0.01 0.00483926
8.88178e-16 0.0085024
0.01 0.00555019
0.02 0.00459376
0.03 0.00435703
0.04 0.00459513
0.05 0.00455782
0.06 0.00444297
0.07 0.00449889
0.08 0.00447559
0.09 0.00448021
0.1 0.00448235
0.11 0.00453542
0.12 0.00456777
0.13 0.00455459
0.14 0.00456287
0.15 0.00459121
0.16 0.0045681
0.17 0.00452676
0.18 0.00451368
0.19 0.00448426
0.2 0.00448947
0.21 0.00445874
0.22 0.00441093
0.23 0.00440353
0.24 0.00438325
0.25 0.00435589
0.26 0.00436169
0.27 0.00433922
0.28 0.0043433
0.29 0.00433761
0.3 0.00432459
0.31 0.00427828
0.32 0.00423517
0.33 0.00418563
0.34 0.00416184
0.35 0.00413958
0.36 0.0041212
0.37 0.00409724
0.38 0.0040699
0.39 0.00406884
0.4 0.004048
0.41 0.00400346
0.42 0.00397727
0.43 0.00407383
0.44 0.00395884
0.45 0.00397068
0.46 0.0041356
0.47 0.00405062
0.48 0.00409585
0.49 0.0048172
0.5 0.00793999
0.51 0.00465511
0.52 0.00400476
0.53 0.00408309
0.54 0.00420046
0.55 0.00417474
0.56 0.00417832
0.57 0.00418425
0.58 0.00412668
0.59 0.00428874
0.6 0.00434876
0.61 0.0043583
0.62 0.0043934
0.63 0.004437
0.64 0.00450847
0.65 0.00457771
0.66 0.00461738
0.67 0.00464863
0.68 0.00468429
0.69 0.00472138
0.7 0.00480106
0.71 0.00484398
0.72 0.00486972
0.73 0.00489817
0.74 0.00492441
0.75 0.00496817
0.76 0.00502339
0.77 0.00507809
0.78 0.00518645
0.79 0.00526063
0.8 0.00532291
0.81 0.00534392
0.82 0.00536448
0.83 0.00537163
0.84 0.00540709
0.85 0.00539989
0.86 0.00540557
0.87 0.0053829
0.88 0.00533897
0.89 0.00537834
0.9 0.00540826
0.91 0.0053432
0.92 0.00534336
0.93 0.00552133
0.94 0.00536028
0.95 0.00533873
0.96 0.00568369
0.97 0.00559047
0.98 0.0051166
0.99 0.00558609
