-1 0.034218
-0.99 0.0251313
-0.98 0.0216604
-0.97 0.0210074
-0.96 0.0215079
-0.95 0.0216646
-0.94 0.0216833
-0.93 0.0217658
-0.92 0.0217624
-0.91 0.0218621
-0.9 0.0218645
-0.89 0.0218451
-0.88 0.0218737
-0.87 0.0219107
-0.86 0.0219064
-0.85 0.0219138
-0.84 0.0219158
-0.83 0.0218035
-0.82 0.0217535
-0.81 0.021706
-0.8 0.0217773
-0.79 0.0217217
-0.78 0.0216036
-0.77 0.0215806
-0.76 0.0215669
-0.75 0.021624
-0.74 0.0215669
-0.73 0.0215279
-0.72 0.0214983
-0.71 0.0215886
-0.7 0.0215982
-0.69 0.0214511
-0.68 0.0214233
-0.67 0.0214276
-0.66 0.0214823
-0.65 0.0214926
-0.64 0.021535
-0.63 0.0215778
-0.62 0.0215741
-0.61 0.0215459
-0.6 0.0215285
-0.59 0.0215538
-0.58 0.021564
-0.57 0.0215331
-0.56 0.0214327
-0.55 0.0214645
-0.54 0.0214492
-0.53 0.0207958
-0.52 0.0208982
-0.51 0.0241304
-0.5 0.033999
-0.49 0.0248347
-0.48 0.0214896
-0.47 0.0209821
-0.46 0.0214829
-0.45 0.0215549
-0.44 0.0216296
-0.43 0.0218274
-0.42 0.021861
-0.41 0.0218872
-0.4 0.0218749
-0.39 0.0218939
-0.38 0.0219287
-0.37 0.0219701
-0.36 0.0220003
-0.35 0.0220338
-0.34 0.0220823
-0.33 0.0220554
-0.32 0.0220751
-0.31 0.0221333
-0.3 0.0222868
-0.29 0.0223416
-0.28 0.0222796
-0.27 0.0222765
-0.26 0.0223246
-0.25 0.0224221
-0.24 0.0223664
-0.23 0.022348
-0.22 0.0223529
-0.21 0.0224972
-0.2 0.0225266
-0.19 0.022345
-0.18 0.0222624
-0.17 0.02225
-0.16 0.0222978
-0.15 0.0222694
-0.14 0.0222646
-0.13 0.0222817
-0.12 0.0223004
-0.11 0.0223495
-0.1 0.0223946
-0.09 0.0224357
-0.08 0.0224405
-0.07 0.0224128
-0.06 0.0223353
-0.05 0.0223941
-0.04 0.0222676
-0.03 0.0214323
-0.02 0.0213983
-0.01 0.0245401
8.88178e-16 0.0345505
0.01 0.0255789
0.02 0.0220615
0.03 0.021236
0.04 0.0215735
0.05 0.0215788
0.06 0.0215267
0.07 0.0215121
0.08 0.0213758
0.09 0.0212739
0.1 0.0211412
0.11 0.0211143
0.12 0.0211627
0.13 0.0211719
0.14 0.0211449
0.15 0.0211421
0.16 0.0211679
0.17 0.0211189
0.18 0.0211514
0.19 0.0211811
0.2 0.0212822
0.21 0.021235
0.22 0.0211016
0.23 0.021083
0.24 0.0210955
0.25 0.0211439
0.26 0.0210829
0.27 0.0210495
0.28 0.0210433
0.29 0.0211841
0.3 0.0212189
0.31 0.0210426
0.32 0.0209675
0.33 0.0209166
0.34 0.0209199
0.35 0.0208642
0.36 0.0208606
0.37 0.020911
0.38 0.0209304
0.39 0.0209551
0.4 0.0209783
0.41 0.0210325
0.42 0.021049
0.43 0.0210626
0.44 0.0210185
0.45 0.0210593
0.46 0.0209846
0.47 0.0203898
0.48 0.0207415
0.49 0.0241499
0.5 0.0339282
0.51 0.0244976
0.52 0.0211358
0.53 0.0206557
0.54 0.0211146
0.55 0.0211783
0.56 0.0212272
0.57 0.021321
0.58 0.0212853
0.59 0.0213264
0.6 0.0212697
0.61 0.0212382
0.62 0.0212326
0.63 0.0212456
0.64 0.0212614
0.65 0.0212954
0.66 0.02136
0.67 0.0213457
0.68 0.0213537
0.69 0.0213981
0.7 0.0215402
0.71 0.0215362
0.72 0.0214518
0.73 0.0214544
0.74 0.0214405
0.75 0.021492
0.76 0.0214176
0.77 0.0213779
0.78 0.0213784
0.79 0.0215226
0.8 0.0215582
0.81 0.0214224
0.82 0.021393
0.83 0.0213681
0.84 0.0214177
0.85 0.0214279
0.86 0.0214528
0.87 0.0214913
0.88 0.0215103
0.89 0.0215269
0.9 0.0215324
0.91 0.0215753
0.92 0.0216009
0.93 0.0215712
0.94 0.0214489
0.95 0.0214829
0.96 0.0214712
0.97 0.0207547
0.98 0.0208177
0.99 0.0240925
