-1 0.0191069
-0.99 0.0133639
-0.98 0.0114824
-0.97 0.0113153
-0.96 0.0113629
-0.95 0.0116522
-0.94 0.0116671
-0.93 0.0116167
-0.92 0.0117029
-0.91 0.0117346
-0.9 0.0117999
-0.89 0.0118131
-0.88 0.0118122
-0.87 0.0118266
-0.86 0.0118381
-0.85 0.0118804
-0.84 0.0119527
-0.83 0.0120254
-0.82 0.0120237
-0.81 0.0120169
-0.8 0.0121308
-0.79 0.0121708
-0.78 0.0120588
-0.77 0.0120673
-0.76 0.0120418
-0.75 0.0119481
-0.74 0.0120385
-0.73 0.0120773
-0.72 0.0120378
-0.71 0.0121155
-0.7 0.0120513
-0.69 0.0119174
-0.68 0.0119229
-0.67 0.011888
-0.66 0.0118437
-0.65 0.0118053
-0.64 0.0118001
-0.63 0.0117868
-0.62 0.0117096
-0.61 0.0116867
-0.6 0.0117003
-0.59 0.0117411
-0.58 0.0116499
-0.57 0.0115232
-0.56 0.0116123
-0.55 0.011622
-0.54 0.011347
-0.53 0.0112065
-0.52 0.0109742
-0.51 0.0124894
-0.5 0.0189141
-0.49 0.0132472
-0.48 0.0114051
-0.47 0.011275
-0.46 0.0113063
-0.45 0.0114711
-0.44 0.0114661
-0.43 0.0114619
-0.42 0.0115577
-0.41 0.011546
-0.4 0.011616
-0.39 0.0116186
-0.38 0.0116133
-0.37 0.0116062
-0.36 0.0115569
-0.35 0.0115822
-0.34 0.0116053
-0.33 0.0116274
-0.32 0.011599
-0.31 0.0115917
-0.3 0.011697
-0.29 0.0117312
-0.28 0.0116665
-0.27 0.0116744
-0.26 0.0116287
-0.25 0.0115482
-0.24 0.0116353
-0.23 0.0116712
-0.22 0.0116634
-0.21 0.0118269
-0.2 0.0118578
-0.19 0.0117989
-0.18 0.0118362
-0.17 0.011863
-0.16 0.0118724
-0.15 0.0118382
-0.14 0.0118748
-0.13 0.0118863
-0.12 0.0118484
-0.11 0.0118637
-0.1 0.0118649
-0.09 0.0118595
-0.08 0.0118258
-0.07 0.011731
-0.06 0.0117495
-0.05 0.011681
-0.04 0.0113365
-0.03 0.0111852
-0.02 0.0109902
-0.01 0.0124983
8.88178e-16 0.0189043
0.01 0.0130039
0.02 0.0110103
0.03 0.0108362
0.04 0.0109217
0.05 0.011133
0.06 0.0111303
0.07 0.0110094
0.08 0.011
0.09 0.0108572
0.1 0.0107777
0.11 0.0109534
0.12 0.0111408
0.13 0.0112405
0.14 0.0113174
0.15 0.0113936
0.16 0.0114868
0.17 0.0115951
0.18 0.0116669
0.19 0.0117493
0.2 0.0119467
0.21 0.0120336
0.22 0.011997
0.23 0.0120755
0.24 0.0120718
0.25 0.0119952
0.26 0.0120911
0.27 0.012161
0.28 0.0121372
0.29 0.0122631
0.3 0.0122873
0.31 0.0122004
0.32 0.0122321
0.33 0.0122129
0.34 0.0121699
0.35 0.0121314
0.36 0.0121231
0.37 0.0120784
0.38 0.0120117
0.39 0.0119637
0.4 0.0119082
0.41 0.0118952
0.42 0.0117586
0.43 0.0116047
0.44 0.0116995
0.45 0.01163
0.46 0.0113455
0.47 0.0112525
0.48 0.0110323
0.49 0.0126055
0.5 0.0189468
0.51 0.0130892
0.52 0.0112248
0.53 0.0110457
0.54 0.0110956
0.55 0.0113753
0.56 0.0114071
0.57 0.0113956
0.58 0.0114637
0.59 0.0114241
0.6 0.0114314
0.61 0.0114258
0.62 0.0114646
0.63 0.0114887
0.64 0.0114611
0.65 0.0114831
0.66 0.0115339
0.67 0.0115816
0.68 0.0115676
0.69 0.0115467
0.7 0.011671
0.71 0.0117409
0.72 0.0116948
0.73 0.0117722
0.74 0.0117627
0.75 0.0116914
0.76 0.0117991
0.77 0.0118573
0.78 0.0118401
0.79 0.0119785
0.8 0.0119946
0.81 0.0119009
0.82 0.0118868
0.83 0.0118843
0.84 0.011861
0.85 0.0118275
0.86 0.0118413
0.87 0.0118448
0.88 0.0118001
0.89 0.0117856
0.9 0.0117598
0.91 0.0117566
0.92 0.0117096
0.93 0.0115984
0.94 0.0116364
0.95 0.0116243
0.96 0.011363
0.97 0.0112752
0.98 0.0110716
0.99 0.0126151
