-1 0.0238048
-0.99 0.0168548
-0.98 0.0144055
-0.97 0.0142087
-0.96 0.0142547
-0.95 0.0142117
-0.94 0.0142895
-0.93 0.0142647
-0.92 0.01433
-0.91 0.0143379
-0.9 0.014201
-0.89 0.0142427
-0.88 0.0142288
-0.87 0.0142078
-0.86 0.0142233
-0.85 0.0142637
-0.84 0.0142533
-0.83 0.0142008
-0.82 0.0141592
-0.81 0.0141054
-0.8 0.0142118
-0.79 0.014208
-0.78 0.0141052
-0.77 0.0140839
-0.76 0.0140756
-0.75 0.0140408
-0.74 0.0140364
-0.73 0.0139954
-0.72 0.0139725
-0.71 0.0140756
-0.7 0.0140918
-0.69 0.0139496
-0.68 0.0139437
-0.67 0.0139629
-0.66 0.0139675
-0.65 0.0139811
-0.64 0.0140183
-0.63 0.0140741
-0.62 0.0140959
-0.61 0.0141141
-0.6 0.0141501
-0.59 0.0143844
-0.58 0.0144395
-0.57 0.0143476
-0.56 0.0143846
-0.55 0.0143913
-0.54 0.0143756
-0.53 0.0143096
-0.52 0.014351
-0.51 0.016491
-0.5 0.0239388
-0.49 0.0169772
-0.48 0.0144483
-0.47 0.0141463
-0.46 0.0142117
-0.45 0.0141664
-0.44 0.014157
-0.43 0.0140546
-0.42 0.0141048
-0.41 0.0141493
-0.4 0.0140736
-0.39 0.0141437
-0.38 0.0141207
-0.37 0.0140889
-0.36 0.0140903
-0.35 0.0141261
-0.34 0.0141073
-0.33 0.0140722
-0.32 0.0140933
-0.31 0.0140763
-0.3 0.0141641
-0.29 0.0141474
-0.28 0.0140704
-0.27 0.0140759
-0.26 0.0141146
-0.25 0.0141232
-0.24 0.0141624
-0.23 0.0141628
-0.22 0.0141835
-0.21 0.0143094
-0.2 0.0143514
-0.19 0.0142394
-0.18 0.0142635
-0.17 0.0142649
-0.16 0.0142473
-0.15 0.0142237
-0.14 0.0142389
-0.13 0.0142708
-0.12 0.0142593
-0.11 0.0142153
-0.1 0.0142169
-0.09 0.0143434
-0.08 0.0142941
-0.07 0.0142078
-0.06 0.0141621
-0.05 0.0140589
-0.04 0.0139959
-0.03 0.0138438
-0.02 0.013945
-0.01 0.0162029
8.88178e-16 0.0233955
0.01 0.0164104
0.02 0.0140895
0.03 0.0138711
0.04 0.0139717
0.05 0.0140234
0.06 0.0140802
0.07 0.0140743
0.08 0.0141475
0.09 0.0141003
0.1 0.0139755
0.11 0.0140814
0.12 0.0141306
0.13 0.0141813
0.14 0.014252
0.15 0.0143136
0.16 0.0143133
0.17 0.0142778
0.18 0.0142885
0.19 0.0142809
0.2 0.0143909
0.21 0.0143841
0.22 0.0142817
0.23 0.0142661
0.24 0.0142659
0.25 0.0142376
0.26 0.0142437
0.27 0.0142431
0.28 0.0142581
0.29 0.0143887
0.3 0.0144205
0.31 0.0142812
0.32 0.0142754
0.33 0.014296
0.34 0.0142695
0.35 0.0142397
0.36 0.0142441
0.37 0.0142113
0.38 0.0141374
0.39 0.0140629
0.4 0.014035
0.41 0.0141746
0.42 0.0141452
0.43 0.0140484
0.44 0.0139997
0.45 0.0139168
0.46 0.0139056
0.47 0.0137822
0.48 0.0138659
0.49 0.0160957
0.5 0.023187
0.51 0.0162041
0.52 0.013992
0.53 0.0138773
0.54 0.0139911
0.55 0.0140918
0.56 0.014159
0.57 0.0140906
0.58 0.0141954
0.59 0.0142242
0.6 0.0141134
0.61 0.0141662
0.62 0.0141446
0.63 0.0141368
0.64 0.0141783
0.65 0.0142272
0.66 0.0142303
0.67 0.0142139
0.68 0.0142219
0.69 0.014169
0.7 0.0142544
0.71 0.0142301
0.72 0.0141032
0.73 0.0140779
0.74 0.014081
0.75 0.0140679
0.76 0.0140897
0.77 0.0140863
0.78 0.0140832
0.79 0.0142067
0.8 0.0142345
0.81 0.0140811
0.82 0.0140748
0.83 0.0141012
0.84 0.0141229
0.85 0.014114
0.86 0.0141297
0.87 0.01416
0.88 0.0141501
0.89 0.0141269
0.9 0.0141312
0.91 0.0142979
0.92 0.0142554
0.93 0.0141534
0.94 0.0141823
0.95 0.0141368
0.96 0.0140403
0.97 0.0139493
0.98 0.0140492
0.99 0.0163054
