-1 0.0919668
-0.99 0.0764581
-0.98 0.0693733
-0.97 0.0695389
-0.96 0.0721046
-0.95 0.0720492
-0.94 0.0719051
-0.93 0.0725007
-0.92 0.0727732
-0.91 0.072803
-0.9 0.0730082
-0.89 0.0732195
-0.88 0.0734103
-0.87 0.0736214
-0.86 0.0738476
-0.85 0.0740078
-0.84 0.0742812
-0.83 0.0745127
-0.82 0.0746126
-0.81 0.0747319
-0.8 0.0748806
-0.79 0.0748196
-0.78 0.0746534
-0.77 0.0745615
-0.76 0.074285
-0.75 0.0741301
-0.74 0.0737806
-0.73 0.0735328
-0.72 0.0732425
-0.71 0.0729871
-0.7 0.0726322
-0.69 0.0722682
-0.68 0.0719626
-0.67 0.0717316
-0.66 0.0715274
-0.65 0.0713929
-0.64 0.0711412
-0.63 0.0709924
-0.62 0.0708099
-0.61 0.0704772
-0.6 0.0704301
-0.59 0.0705455
-0.58 0.0703589
-0.57 0.0702692
-0.56 0.0701794
-0.55 0.0697706
-0.54 0.0695746
-0.53 0.0682849
-0.52 0.0688073
-0.51 0.0759581
-0.5 0.0921507
-0.49 0.0761758
-0.48 0.0687693
-0.47 0.0683177
-0.46 0.0705935
-0.45 0.0707709
-0.44 0.0705523
-0.43 0.0709863
-0.42 0.0714915
-0.41 0.07192
-0.4 0.0725062
-0.39 0.0733278
-0.38 0.0742393
-0.37 0.0753567
-0.36 0.0766554
-0.35 0.0779658
-0.34 0.0794798
-0.33 0.0811339
-0.32 0.0827587
-0.31 0.0845075
-0.3 0.0864317
-0.29 0.0882672
-0.28 0.0901667
-0.27 0.0923273
-0.26 0.0944283
-0.25 0.0967383
-0.24 0.0991242
-0.23 0.101686
-0.22 0.10429
-0.21 0.107099
-0.2 0.109899
-0.19 0.112914
-0.18 0.11605
-0.17 0.119515
-0.16 0.123119
-0.15 0.126832
-0.14 0.130534
-0.13 0.134514
-0.12 0.138406
-0.11 0.142191
-0.1 0.14613
-0.09 0.149538
-0.08 0.152195
-0.07 0.154261
-0.06 0.155655
-0.05 0.155572
-0.04 0.153409
-0.03 0.146517
-0.02 0.140814
-0.01 0.144583
8.88178e-16 0.160178
0.01 0.1287
0.02 0.106772
0.03 0.0932793
0.04 0.0810558
0.05 0.0650627
0.06 0.0497168
0.07 0.0361401
0.08 0.0244797
0.09 0.0162148
0.1 0.0128496
0.11 0.0151921
0.12 0.0224261
0.13 0.0333096
0.14 0.046775
0.15 0.0617356
0.16 0.0772715
0.17 0.0922848
0.18 0.106088
0.19 0.118285
0.2 0.128515
0.21 0.136682
0.22 0.142901
0.23 0.14728
0.24 0.14975
0.25 0.150645
0.26 0.150244
0.27 0.149009
0.28 0.146851
0.29 0.144004
0.3 0.140581
0.31 0.136919
0.32 0.132878
0.33 0.128697
0.34 0.124319
0.35 0.120007
0.36 0.115602
0.37 0.111571
0.38 0.107716
0.39 0.104157
0.4 0.1013
0.41 0.0987872
0.42 0.0962428
0.43 0.0942616
0.44 0.0928034
0.45 0.091628
0.46 0.0908337
0.47 0.0877707
0.48 0.0862683
0.49 0.0932359
0.5 0.111373
0.51 0.0928801
0.52 0.0836268
0.53 0.0826232
0.54 0.0843572
0.55 0.0834548
0.56 0.0826499
0.57 0.0825529
0.58 0.0821236
0.59 0.0815732
0.6 0.0812231
0.61 0.0807625
0.62 0.0802794
0.63 0.0798269
0.64 0.0794133
0.65 0.078885
0.66 0.0784401
0.67 0.0778691
0.68 0.0772159
0.69 0.0766369
0.7 0.0760898
0.71 0.0754068
0.72 0.0747115
0.73 0.0741734
0.74 0.0734967
0.75 0.0730764
0.76 0.0725433
0.77 0.0721098
0.78 0.0716216
0.79 0.0711362
0.8 0.070621
0.81 0.0701516
0.82 0.069657
0.83 0.0692418
0.84 0.0687966
0.85 0.0683804
0.86 0.0678623
0.87 0.0674004
0.88 0.066996
0.89 0.0665338
0.9 0.0664342
0.91 0.0664172
0.92 0.0660976
0.93 0.0660375
0.94 0.0663449
0.95 0.0667441
0.96 0.0673592
0.97 0.0663926
0.98 0.0669318
0.99 0.0745127
