-1 0.0271201
-0.99 0.0192002
-0.98 0.0166046
-0.97 0.0163944
-0.96 0.0167692
-0.95 0.0167076
-0.94 0.0168141
-0.93 0.0169237
-0.92 0.016838
-0.91 0.0169172
-0.9 0.0168945
-0.89 0.0168702
-0.88 0.0168699
-0.87 0.0168747
-0.86 0.0168469
-0.85 0.0168612
-0.84 0.0169014
-0.83 0.0168977
-0.82 0.0168956
-0.81 0.0168992
-0.8 0.0170216
-0.79 0.017038
-0.78 0.0170366
-0.77 0.0170544
-0.76 0.0170845
-0.75 0.0170912
-0.74 0.0171012
-0.73 0.0171034
-0.72 0.0170924
-0.71 0.017197
-0.7 0.0172437
-0.69 0.0172234
-0.68 0.0172534
-0.67 0.0172803
-0.66 0.0173169
-0.65 0.0173466
-0.64 0.0174027
-0.63 0.0174276
-0.62 0.017402
-0.61 0.0174215
-0.6 0.0174205
-0.59 0.017454
-0.58 0.0174423
-0.57 0.0174569
-0.56 0.0174723
-0.55 0.0175093
-0.54 0.0174938
-0.53 0.0169364
-0.52 0.0166831
-0.51 0.0191329
-0.5 0.027763
-0.49 0.0198754
-0.48 0.0171128
-0.47 0.0168185
-0.46 0.0172338
-0.45 0.0171257
-0.44 0.0171458
-0.43 0.0172056
-0.42 0.0170826
-0.41 0.0171357
-0.4 0.017131
-0.39 0.0171288
-0.38 0.0171203
-0.37 0.017118
-0.36 0.0170348
-0.35 0.0170122
-0.34 0.0170406
-0.33 0.0170515
-0.32 0.0170366
-0.31 0.0170432
-0.3 0.0171436
-0.29 0.0171382
-0.28 0.017089
-0.27 0.0171073
-0.26 0.0171427
-0.25 0.0171639
-0.24 0.0171427
-0.23 0.0171427
-0.22 0.0171263
-0.21 0.0172146
-0.2 0.0172208
-0.19 0.0171266
-0.18 0.0171259
-0.17 0.0171621
-0.16 0.0171715
-0.15 0.0171602
-0.14 0.0171425
-0.13 0.0171286
-0.12 0.0170831
-0.11 0.0170588
-0.1 0.017006
-0.09 0.0169813
-0.08 0.0169608
-0.07 0.0169828
-0.06 0.0169615
-0.05 0.017022
-0.04 0.0169242
-0.03 0.0162986
-0.02 0.0162
-0.01 0.0186599
8.88178e-16 0.026963
0.01 0.0192105
0.02 0.0166249
0.03 0.016364
0.04 0.0168
0.05 0.0167339
0.06 0.0167344
0.07 0.0167896
0.08 0.0166773
0.09 0.0166602
0.1 0.0165875
0.11 0.0166303
0.12 0.0167252
0.13 0.0167777
0.14 0.0167574
0.15 0.0167861
0.16 0.0168194
0.17 0.0167501
0.18 0.0166965
0.19 0.0166886
0.2 0.0167925
0.21 0.0167595
0.22 0.0166963
0.23 0.0166609
0.24 0.0166385
0.25 0.016623
0.26 0.0165801
0.27 0.0165487
0.28 0.0165105
0.29 0.016616
0.3 0.0166453
0.31 0.0165778
0.32 0.0165992
0.33 0.0166185
0.34 0.0166407
0.35 0.0166518
0.36 0.0166794
0.37 0.0167014
0.38 0.0166478
0.39 0.0166361
0.4 0.0166086
0.41 0.0165828
0.42 0.0165561
0.43 0.0165686
0.44 0.0165373
0.45 0.01661
0.46 0.0165653
0.47 0.0160086
0.48 0.0160338
0.49 0.0186148
0.5 0.0268981
0.51 0.0189597
0.52 0.016443
0.53 0.0163303
0.54 0.0167769
0.55 0.016672
0.56 0.016676
0.57 0.0167691
0.58 0.0167172
0.59 0.016852
0.6 0.0168448
0.61 0.0168184
0.62 0.0168725
0.63 0.0169294
0.64 0.0169387
0.65 0.0169884
0.66 0.0170733
0.67 0.0170629
0.68 0.0170472
0.69 0.0170599
0.7 0.0171602
0.71 0.0171283
0.72 0.017052
0.73 0.0170303
0.74 0.0170208
0.75 0.0170088
0.76 0.0169894
0.77 0.0169717
0.78 0.0169271
0.79 0.0170129
0.8 0.0170102
0.81 0.0169162
0.82 0.0169061
0.83 0.0168997
0.84 0.0168678
0.85 0.0168483
0.86 0.016851
0.87 0.0168588
0.88 0.0168185
0.89 0.0167776
0.9 0.0167537
0.91 0.0167564
0.92 0.0167273
0.93 0.0167338
0.94 0.016688
0.95 0.0167739
0.96 0.0167883
0.97 0.0161375
0.98 0.0160296
0.99 0.0186452
