-1 0.040134
-0.99 0.0293612
-0.98 0.0253885
-0.97 0.0250652
-0.96 0.0256365
-0.95 0.0255155
-0.94 0.0255492
-0.93 0.0256865
-0.92 0.025426
-0.91 0.025403
-0.9 0.0254443
-0.89 0.0253573
-0.88 0.0253941
-0.87 0.0254718
-0.86 0.0254954
-0.85 0.0254702
-0.84 0.0254836
-0.83 0.0254373
-0.82 0.025376
-0.81 0.0253448
-0.8 0.025394
-0.79 0.0253532
-0.78 0.0252722
-0.77 0.0252434
-0.76 0.0251692
-0.75 0.0252471
-0.74 0.0251548
-0.73 0.0251167
-0.72 0.0251293
-0.71 0.0252034
-0.7 0.0251636
-0.69 0.0250384
-0.68 0.0250413
-0.67 0.0250657
-0.66 0.0250448
-0.65 0.0250153
-0.64 0.0250149
-0.63 0.0249009
-0.62 0.0247514
-0.61 0.0247577
-0.6 0.0246735
-0.59 0.0244059
-0.58 0.0242594
-0.57 0.0244098
-0.56 0.0241147
-0.55 0.0240772
-0.54 0.0240379
-0.53 0.0232555
-0.52 0.0235966
-0.51 0.0275907
-0.5 0.0381567
-0.49 0.0274884
-0.48 0.0236312
-0.47 0.0234089
-0.46 0.0240048
-0.45 0.0238577
-0.44 0.0238969
-0.43 0.0240942
-0.42 0.0238376
-0.41 0.0237485
-0.4 0.0236892
-0.39 0.0234925
-0.38 0.0234336
-0.37 0.0234552
-0.36 0.0234204
-0.35 0.023369
-0.34 0.0233477
-0.33 0.0232917
-0.32 0.0232059
-0.31 0.0231866
-0.3 0.0232969
-0.29 0.023298
-0.28 0.0232292
-0.27 0.0232087
-0.26 0.0231617
-0.25 0.0232212
-0.24 0.0231782
-0.23 0.0231909
-0.22 0.023246
-0.21 0.0233773
-0.2 0.0233929
-0.19 0.0232833
-0.18 0.023283
-0.17 0.0232731
-0.16 0.0232781
-0.15 0.0233038
-0.14 0.0233674
-0.13 0.0233574
-0.12 0.0233609
-0.11 0.0235169
-0.1 0.0235441
-0.09 0.0234232
-0.08 0.023461
-0.07 0.0237643
-0.06 0.0235775
-0.05 0.0235431
-0.04 0.0236046
-0.03 0.0230166
-0.02 0.0233859
-0.01 0.0272113
8.88178e-16 0.0374806
0.01 0.0269798
0.02 0.0232778
0.03 0.0231721
0.04 0.0238192
0.05 0.0237066
0.06 0.0237461
0.07 0.0238651
0.08 0.0235903
0.09 0.0235621
0.1 0.0236297
0.11 0.0235142
0.12 0.0235155
0.13 0.023624
0.14 0.0236547
0.15 0.0236833
0.16 0.0237732
0.17 0.0237782
0.18 0.0237683
0.19 0.0238081
0.2 0.0239209
0.21 0.0239459
0.22 0.0239259
0.23 0.0239438
0.24 0.0239732
0.25 0.0241308
0.26 0.0241644
0.27 0.0242525
0.28 0.0243878
0.29 0.0246252
0.3 0.0247467
0.31 0.0247216
0.32 0.0248087
0.33 0.0249028
0.34 0.0249905
0.35 0.0251095
0.36 0.025288
0.37 0.025385
0.38 0.0254548
0.39 0.0256331
0.4 0.0256677
0.41 0.0255364
0.42 0.0255525
0.43 0.0258445
0.44 0.0256875
0.45 0.0257605
0.46 0.025907
0.47 0.0253924
0.48 0.0259774
0.49 0.030222
0.5 0.0410436
0.51 0.0304444
0.52 0.0267294
0.53 0.0266922
0.54 0.0274201
0.55 0.0273196
0.56 0.0274106
0.57 0.027697
0.58 0.0275504
0.59 0.0276002
0.6 0.0276847
0.61 0.0275649
0.62 0.0275876
0.63 0.0276863
0.64 0.0277076
0.65 0.0277516
0.66 0.027834
0.67 0.0278319
0.68 0.0277989
0.69 0.02779
0.7 0.027881
0.71 0.0279131
0.72 0.0278996
0.73 0.027915
0.74 0.0278977
0.75 0.0279983
0.76 0.0278966
0.77 0.0278673
0.78 0.0279034
0.79 0.0280275
0.8 0.0279958
0.81 0.0278168
0.82 0.0277496
0.83 0.0276606
0.84 0.027529
0.85 0.0274097
0.86 0.0273571
0.87 0.0272104
0.88 0.027065
0.89 0.0270046
0.9 0.0268236
0.91 0.0265399
0.92 0.0264112
0.93 0.0264051
0.94 0.0259096
0.95 0.025709
0.96 0.0256098
0.97 0.0247991
0.98 0.0251708
0.99 0.0292957
