-1 0.0785501
-0.99 0.0654523
-0.98 0.0588977
-0.97 0.0571041
-0.96 0.0560702
-0.95 0.0561565
-0.94 0.0563574
-0.93 0.0559519
-0.92 0.0561244
-0.91 0.0559959
-0.9 0.0559914
-0.89 0.0564079
-0.88 0.0569256
-0.87 0.0576519
-0.86 0.0584836
-0.85 0.0592823
-0.84 0.0601072
-0.83 0.0608994
-0.82 0.0616831
-0.81 0.0624202
-0.8 0.0634271
-0.79 0.0641811
-0.78 0.0647182
-0.77 0.0654273
-0.76 0.0660545
-0.75 0.0666008
-0.74 0.0671534
-0.73 0.0677582
-0.72 0.0681716
-0.71 0.0687696
-0.7 0.0692106
-0.69 0.069382
-0.68 0.0697698
-0.67 0.0702649
-0.66 0.0706718
-0.65 0.0711672
-0.64 0.071594
-0.63 0.0719826
-0.62 0.072367
-0.61 0.072779
-0.6 0.0731733
-0.59 0.0735817
-0.58 0.073802
-0.57 0.0735576
-0.56 0.0740731
-0.55 0.0734249
-0.54 0.0724545
-0.53 0.0736422
-0.52 0.0751434
-0.51 0.081408
-0.5 0.0958247
-0.49 0.0811043
-0.48 0.073716
-0.47 0.0717948
-0.46 0.0708058
-0.45 0.0712751
-0.44 0.071785
-0.43 0.0715614
-0.42 0.0721269
-0.41 0.0721484
-0.4 0.0719424
-0.39 0.0720508
-0.38 0.0719955
-0.37 0.0718247
-0.36 0.0716869
-0.35 0.0715079
-0.34 0.0712705
-0.33 0.0710037
-0.32 0.0706313
-0.31 0.070283
-0.3 0.0701912
-0.29 0.0698903
-0.28 0.0693927
-0.27 0.0691276
-0.26 0.06881
-0.25 0.0685657
-0.24 0.068557
-0.23 0.0688486
-0.22 0.0690751
-0.21 0.0697217
-0.2 0.0704641
-0.19 0.0711341
-0.18 0.0722828
-0.17 0.0735977
-0.16 0.0748576
-0.15 0.0762896
-0.14 0.0777177
-0.13 0.0789724
-0.12 0.0800217
-0.11 0.0807887
-0.1 0.0812833
-0.09 0.0816636
-0.08 0.0813655
-0.07 0.0803879
-0.06 0.0797119
-0.05 0.077001
-0.04 0.0736427
-0.03 0.0709211
-0.02 0.0663474
-0.01 0.0672156
8.88178e-16 0.0774917
0.01 0.0589488
0.02 0.0472248
0.03 0.04118
0.04 0.0352075
0.05 0.0296958
0.06 0.0249901
0.07 0.020545
0.08 0.0172572
0.09 0.0150432
0.1 0.0142533
0.11 0.0151202
0.12 0.0171293
0.13 0.0200058
0.14 0.0235749
0.15 0.0275131
0.16 0.0316427
0.17 0.0357271
0.18 0.0394941
0.19 0.0429064
0.2 0.0460272
0.21 0.0484754
0.22 0.0503556
0.23 0.0518459
0.24 0.052877
0.25 0.0533685
0.26 0.0537739
0.27 0.0541765
0.28 0.05435
0.29 0.0546534
0.3 0.0548645
0.31 0.0548535
0.32 0.0551098
0.33 0.0554418
0.34 0.0556522
0.35 0.056096
0.36 0.0564453
0.37 0.0565997
0.38 0.056831
0.39 0.0569716
0.4 0.0569364
0.41 0.0573069
0.42 0.0575139
0.43 0.0571146
0.44 0.0576297
0.45 0.0571092
0.46 0.0568106
0.47 0.0584206
0.48 0.0591886
0.49 0.0648932
0.5 0.0794211
0.51 0.0662701
0.52 0.0601706
0.53 0.0594381
0.54 0.0589177
0.55 0.0595056
0.56 0.060286
0.57 0.0602509
0.58 0.0608497
0.59 0.0610787
0.6 0.0612905
0.61 0.0617305
0.62 0.0621625
0.63 0.0625575
0.64 0.0630856
0.65 0.0636084
0.66 0.0640534
0.67 0.0644843
0.68 0.0648285
0.69 0.0651911
0.7 0.0657233
0.71 0.0659488
0.72 0.0659735
0.73 0.0661611
0.74 0.0662057
0.75 0.0662226
0.76 0.0662804
0.77 0.066406
0.78 0.0663184
0.79 0.0663983
0.8 0.0661641
0.81 0.0656311
0.82 0.0652405
0.83 0.0648102
0.84 0.0641733
0.85 0.0636757
0.86 0.063134
0.87 0.0624875
0.88 0.0618658
0.89 0.0612661
0.9 0.0607558
0.91 0.0603703
0.92 0.0600549
0.93 0.0593839
0.94 0.0594078
0.95 0.0584915
0.96 0.0575467
0.97 0.0587337
0.98 0.0601701
0.99 0.0656561
