-1 0.0440481
-0.99 0.0320615
-0.98 0.0275713
-0.97 0.0274414
-0.96 0.028417
-0.95 0.0282993
-0.94 0.0282527
-0.93 0.0283336
-0.92 0.0282495
-0.91 0.0283384
-0.9 0.0283363
-0.89 0.0282709
-0.88 0.0281922
-0.87 0.0281732
-0.86 0.0281205
-0.85 0.0280772
-0.84 0.0280973
-0.83 0.0281485
-0.82 0.0281792
-0.81 0.0282548
-0.8 0.0283704
-0.79 0.028451
-0.78 0.0284989
-0.77 0.0285453
-0.76 0.0285168
-0.75 0.0286232
-0.74 0.0286197
-0.73 0.0287024
-0.72 0.0288008
-0.71 0.0289499
-0.7 0.0290522
-0.69 0.0291883
-0.68 0.0292349
-0.67 0.0293135
-0.66 0.0294008
-0.65 0.0294911
-0.64 0.0296528
-0.63 0.0297211
-0.62 0.0297266
-0.61 0.0297562
-0.6 0.0297392
-0.59 0.0295814
-0.58 0.0294302
-0.57 0.0294748
-0.56 0.0292117
-0.55 0.0291229
-0.54 0.028922
-0.53 0.0275506
-0.52 0.0276891
-0.51 0.0322094
-0.5 0.0440317
-0.49 0.0318196
-0.48 0.027304
-0.47 0.0272689
-0.46 0.0283525
-0.45 0.0282945
-0.44 0.0282424
-0.43 0.0282915
-0.42 0.0282188
-0.41 0.0282021
-0.4 0.0281795
-0.39 0.0281489
-0.38 0.0280892
-0.37 0.0280087
-0.36 0.0279209
-0.35 0.0278492
-0.34 0.0278024
-0.33 0.027758
-0.32 0.0277089
-0.31 0.0277438
-0.3 0.0278573
-0.29 0.0278706
-0.28 0.0278394
-0.27 0.0278629
-0.26 0.0278427
-0.25 0.0279304
-0.24 0.0279292
-0.23 0.0279655
-0.22 0.0280111
-0.21 0.0280978
-0.2 0.0281234
-0.19 0.028089
-0.18 0.0279793
-0.17 0.0279484
-0.16 0.0279191
-0.15 0.0279589
-0.14 0.0280717
-0.13 0.0281393
-0.12 0.0282018
-0.11 0.0282524
-0.1 0.0283176
-0.09 0.0283241
-0.08 0.0283732
-0.07 0.0285662
-0.06 0.0283908
-0.05 0.0283528
-0.04 0.0282929
-0.03 0.0272429
-0.02 0.0276175
-0.01 0.0321644
8.88178e-16 0.0436937
0.01 0.0316381
0.02 0.0273169
0.03 0.0272906
0.04 0.0282066
0.05 0.0280816
0.06 0.0280784
0.07 0.0281496
0.08 0.0280188
0.09 0.0280222
0.1 0.0280855
0.11 0.0281008
0.12 0.0281145
0.13 0.0281066
0.14 0.028126
0.15 0.0280894
0.16 0.0280756
0.17 0.0280749
0.18 0.0280684
0.19 0.0281108
0.2 0.0282627
0.21 0.0283121
0.22 0.0282858
0.23 0.0283167
0.24 0.0283229
0.25 0.0283892
0.26 0.0283538
0.27 0.0283938
0.28 0.0284268
0.29 0.0285172
0.3 0.0285588
0.31 0.0285724
0.32 0.0285689
0.33 0.0286415
0.34 0.0287031
0.35 0.0288103
0.36 0.0289558
0.37 0.029034
0.38 0.0290734
0.39 0.029162
0.4 0.0292679
0.41 0.0292852
0.42 0.0292947
0.43 0.0295075
0.44 0.0294509
0.45 0.0294588
0.46 0.0293647
0.47 0.028199
0.48 0.0284061
0.49 0.0329248
0.5 0.0446904
0.51 0.0326116
0.52 0.0281429
0.53 0.0280523
0.54 0.0289907
0.55 0.0288475
0.56 0.0287796
0.57 0.0288886
0.58 0.0288626
0.59 0.0289763
0.6 0.0289707
0.61 0.0289326
0.62 0.0289893
0.63 0.029092
0.64 0.0291811
0.65 0.0292111
0.66 0.0292567
0.67 0.0293042
0.68 0.0293169
0.69 0.0293446
0.7 0.0294269
0.71 0.0294427
0.72 0.0294729
0.73 0.0295426
0.74 0.029593
0.75 0.029775
0.76 0.0298222
0.77 0.0298575
0.78 0.0298642
0.79 0.0298769
0.8 0.0298283
0.81 0.0297845
0.82 0.0297228
0.83 0.0296807
0.84 0.0295861
0.85 0.0295136
0.86 0.0294303
0.87 0.0293371
0.88 0.0292442
0.89 0.029222
0.9 0.029226
0.91 0.0291302
0.92 0.0289228
0.93 0.0289657
0.94 0.0288017
0.95 0.02871
0.96 0.0285118
0.97 0.0272277
0.98 0.0274101
0.99 0.0320153
