-1 0.154349
-0.99 0.134432
-0.98 0.124633
-0.97 0.123255
-0.96 0.124608
-0.95 0.124334
-0.94 0.12408
-0.93 0.123923
-0.92 0.123601
-0.91 0.12333
-0.9 0.12336
-0.89 0.123315
-0.88 0.123421
-0.87 0.123743
-0.86 0.12429
-0.85 0.124839
-0.84 0.12562
-0.83 0.126581
-0.82 0.127681
-0.81 0.12885
-0.8 0.129987
-0.79 0.130912
-0.78 0.131705
-0.77 0.132505
-0.76 0.133049
-0.75 0.133604
-0.74 0.134003
-0.73 0.134533
-0.72 0.134977
-0.71 0.135573
-0.7 0.136214
-0.69 0.137042
-0.68 0.137987
-0.67 0.139157
-0.66 0.140486
-0.65 0.141986
-0.64 0.143287
-0.63 0.144852
-0.62 0.146362
-0.61 0.147783
-0.6 0.149558
-0.59 0.151142
-0.58 0.152538
-0.57 0.154187
-0.56 0.155972
-0.55 0.157401
-0.54 0.158904
-0.53 0.158904
-0.52 0.161617
-0.51 0.173584
-0.5 0.196632
-0.49 0.174675
-0.48 0.164015
-0.47 0.162954
-0.46 0.164721
-0.45 0.164325
-0.44 0.164234
-0.43 0.164392
-0.42 0.164145
-0.41 0.163898
-0.4 0.164053
-0.39 0.163992
-0.38 0.163864
-0.37 0.164024
-0.36 0.164141
-0.35 0.164058
-0.34 0.164014
-0.33 0.163914
-0.32 0.16373
-0.31 0.163612
-0.3 0.163453
-0.29 0.163221
-0.28 0.163056
-0.27 0.163081
-0.26 0.163036
-0.25 0.163222
-0.24 0.163463
-0.23 0.164082
-0.22 0.164569
-0.21 0.165403
-0.2 0.166367
-0.19 0.167572
-0.18 0.168982
-0.17 0.170624
-0.16 0.172377
-0.15 0.17439
-0.14 0.176352
-0.13 0.178596
-0.12 0.180452
-0.11 0.181733
-0.1 0.182993
-0.09 0.18331
-0.08 0.18248
-0.07 0.18099
-0.06 0.178847
-0.05 0.1751
-0.04 0.169309
-0.03 0.158782
-0.02 0.149349
-0.01 0.149403
8.88178e-16 0.161151
0.01 0.126563
0.02 0.102051
0.03 0.0864199
0.04 0.0735461
0.05 0.0586344
0.06 0.0448403
0.07 0.0334066
0.08 0.0244799
0.09 0.0188517
0.1 0.0171328
0.11 0.0194372
0.12 0.0253782
0.13 0.0343642
0.14 0.045654
0.15 0.058458
0.16 0.0720845
0.17 0.0857269
0.18 0.0988377
0.19 0.1111
0.2 0.122158
0.21 0.131848
0.22 0.140253
0.23 0.147325
0.24 0.15305
0.25 0.157545
0.26 0.160907
0.27 0.163518
0.28 0.165205
0.29 0.166252
0.3 0.166589
0.31 0.166587
0.32 0.166188
0.33 0.165545
0.34 0.164536
0.35 0.163422
0.36 0.161998
0.37 0.160793
0.38 0.159556
0.39 0.158081
0.4 0.156908
0.41 0.155357
0.42 0.15346
0.43 0.151873
0.44 0.15054
0.45 0.148847
0.46 0.146924
0.47 0.143038
0.48 0.141876
0.49 0.15046
0.5 0.170915
0.51 0.148524
0.52 0.137241
0.53 0.135448
0.54 0.136821
0.55 0.136314
0.56 0.136088
0.57 0.136189
0.58 0.136194
0.59 0.136498
0.6 0.137267
0.61 0.137866
0.62 0.138572
0.63 0.139518
0.64 0.140671
0.65 0.141694
0.66 0.142748
0.67 0.143722
0.68 0.144658
0.69 0.145559
0.7 0.14639
0.71 0.146972
0.72 0.147367
0.73 0.147761
0.74 0.147861
0.75 0.14791
0.76 0.1478
0.77 0.147853
0.78 0.147742
0.79 0.147654
0.8 0.147405
0.81 0.147137
0.82 0.146823
0.83 0.146264
0.84 0.145439
0.85 0.14459
0.86 0.143338
0.87 0.142094
0.88 0.140745
0.89 0.13902
0.9 0.137531
0.91 0.135736
0.92 0.133682
0.93 0.131976
0.94 0.130593
0.95 0.128792
0.96 0.127393
0.97 0.125293
0.98 0.125767
0.99 0.134779
