-1 0.0374517
-0.99 0.0272961
-0.98 0.0235477
-0.97 0.0231003
-0.96 0.0229632
-0.95 0.0230347
-0.94 0.0232725
-0.93 0.0232351
-0.92 0.0234479
-0.91 0.0234571
-0.9 0.0232488
-0.89 0.0233774
-0.88 0.0233871
-0.87 0.0233479
-0.86 0.0234048
-0.85 0.0234646
-0.84 0.0234504
-0.83 0.0235226
-0.82 0.0235931
-0.81 0.0236128
-0.8 0.0237791
-0.79 0.0238252
-0.78 0.0237373
-0.77 0.0237835
-0.76 0.0238737
-0.75 0.0239245
-0.74 0.0240089
-0.73 0.024051
-0.72 0.0241266
-0.71 0.0242804
-0.7 0.0242936
-0.69 0.0241369
-0.68 0.0241222
-0.67 0.0240861
-0.66 0.0240416
-0.65 0.0239993
-0.64 0.0239769
-0.63 0.023989
-0.62 0.0240033
-0.61 0.0239709
-0.6 0.0239683
-0.59 0.0241616
-0.58 0.0241092
-0.57 0.0240061
-0.56 0.0239395
-0.55 0.0236799
-0.54 0.0236508
-0.53 0.0237203
-0.52 0.0244259
-0.51 0.0283536
-0.5 0.0376449
-0.49 0.0275277
-0.48 0.0239264
-0.47 0.0236036
-0.46 0.0233976
-0.45 0.0233043
-0.44 0.0234267
-0.43 0.0233732
-0.42 0.0235696
-0.41 0.0235815
-0.4 0.0233765
-0.39 0.023468
-0.38 0.0234403
-0.37 0.0234137
-0.36 0.0234875
-0.35 0.023529
-0.34 0.0235517
-0.33 0.0235885
-0.32 0.0236015
-0.31 0.0236326
-0.3 0.0237846
-0.29 0.0238246
-0.28 0.023745
-0.27 0.0238319
-0.26 0.0239546
-0.25 0.0239719
-0.24 0.0239772
-0.23 0.0239772
-0.22 0.0240457
-0.21 0.0242122
-0.2 0.0242616
-0.19 0.0241443
-0.18 0.0241847
-0.17 0.024187
-0.16 0.024165
-0.15 0.0241421
-0.14 0.0240844
-0.13 0.0240339
-0.12 0.0239501
-0.11 0.0238539
-0.1 0.0238032
-0.09 0.0239129
-0.08 0.023824
-0.07 0.0237088
-0.06 0.0235794
-0.05 0.0232435
-0.04 0.0231919
-0.03 0.0233623
-0.02 0.0241061
-0.01 0.028011
8.88178e-16 0.0371335
0.01 0.0269313
0.02 0.0232382
0.03 0.0228121
0.04 0.0225517
0.05 0.0225718
0.06 0.0228156
0.07 0.0227425
0.08 0.0228779
0.09 0.0228905
0.1 0.022769
0.11 0.0230028
0.12 0.0230813
0.13 0.0231252
0.14 0.0232531
0.15 0.0234142
0.16 0.0235353
0.17 0.023674
0.18 0.0238395
0.19 0.023987
0.2 0.0242383
0.21 0.0243559
0.22 0.0243955
0.23 0.0245516
0.24 0.024689
0.25 0.0247505
0.26 0.0248998
0.27 0.0249723
0.28 0.0251027
0.29 0.0253538
0.3 0.0254865
0.31 0.0254256
0.32 0.0255348
0.33 0.0256073
0.34 0.0256891
0.35 0.0257788
0.36 0.0257965
0.37 0.0258162
0.38 0.0258347
0.39 0.0257837
0.4 0.0257287
0.41 0.0258947
0.42 0.0258006
0.43 0.0256759
0.44 0.0257128
0.45 0.0255466
0.46 0.0255954
0.47 0.0258523
0.48 0.0268003
0.49 0.0312005
0.5 0.0408817
0.51 0.030158
0.52 0.0263917
0.53 0.0261491
0.54 0.0258586
0.55 0.0258583
0.56 0.0260968
0.57 0.0259386
0.58 0.0261148
0.59 0.0260916
0.6 0.0258185
0.61 0.0259032
0.62 0.0258583
0.63 0.0257862
0.64 0.0258594
0.65 0.0259156
0.66 0.025858
0.67 0.0258375
0.68 0.0257957
0.69 0.0257297
0.7 0.0258059
0.71 0.0257372
0.72 0.0255505
0.73 0.0254583
0.74 0.0253703
0.75 0.0252979
0.76 0.0253086
0.77 0.0252778
0.78 0.0253374
0.79 0.0254479
0.8 0.0253997
0.81 0.0251632
0.82 0.0250885
0.83 0.0249676
0.84 0.0248447
0.85 0.0247991
0.86 0.0246727
0.87 0.0245388
0.88 0.0244343
0.89 0.0242776
0.9 0.0241132
0.91 0.0241787
0.92 0.0240682
0.93 0.0238567
0.94 0.0236784
0.95 0.0233243
0.96 0.0231846
0.97 0.023161
0.98 0.0238645
0.99 0.0279313
