-1 0.0367486
-0.99 0.0266314
-0.98 0.0226296
-0.97 0.0220994
-0.96 0.022711
-0.95 0.0226628
-0.94 0.0225894
-0.93 0.0226311
-0.92 0.0224826
-0.91 0.0225758
-0.9 0.0225782
-0.89 0.0224865
-0.88 0.0224956
-0.87 0.0225449
-0.86 0.0225482
-0.85 0.0225664
-0.84 0.0225914
-0.83 0.0226086
-0.82 0.0225878
-0.81 0.0225441
-0.8 0.0225845
-0.79 0.0225509
-0.78 0.0224543
-0.77 0.0224301
-0.76 0.0224699
-0.75 0.0224502
-0.74 0.0223897
-0.73 0.022353
-0.72 0.0223524
-0.71 0.0224514
-0.7 0.0224751
-0.69 0.0223707
-0.68 0.0223241
-0.67 0.0222868
-0.66 0.0223124
-0.65 0.0222957
-0.64 0.0223206
-0.63 0.0223365
-0.62 0.0223152
-0.61 0.0223791
-0.6 0.022327
-0.59 0.0222471
-0.58 0.0221896
-0.57 0.0222941
-0.56 0.0221763
-0.55 0.0222329
-0.54 0.0222368
-0.53 0.0215251
-0.52 0.0220519
-0.51 0.0260287
-0.5 0.0361751
-0.49 0.0261358
-0.48 0.0222105
-0.47 0.0216739
-0.46 0.0222406
-0.45 0.0221298
-0.44 0.0220662
-0.43 0.0222144
-0.42 0.0221292
-0.41 0.0221918
-0.4 0.0222031
-0.39 0.0221809
-0.38 0.0222071
-0.37 0.0222501
-0.36 0.0222389
-0.35 0.0222412
-0.34 0.0221894
-0.33 0.0221679
-0.32 0.022164
-0.31 0.022163
-0.3 0.0222054
-0.29 0.0221853
-0.28 0.0221182
-0.27 0.0221263
-0.26 0.0221975
-0.25 0.0222373
-0.24 0.0222467
-0.23 0.0222304
-0.22 0.0222476
-0.21 0.0223165
-0.2 0.0223399
-0.19 0.0222713
-0.18 0.0222673
-0.17 0.0222559
-0.16 0.0223428
-0.15 0.0223923
-0.14 0.0224428
-0.13 0.0224303
-0.12 0.0224496
-0.11 0.0225018
-0.1 0.0224742
-0.09 0.0224105
-0.08 0.0223389
-0.07 0.0224801
-0.06 0.0224137
-0.05 0.0224873
-0.04 0.0225089
-0.03 0.0219436
-0.02 0.0225708
-0.01 0.0264189
8.88178e-16 0.0360436
0.01 0.0258593
0.02 0.0221252
0.03 0.0218907
0.04 0.0226499
0.05 0.0226905
0.06 0.0226321
0.07 0.0226531
0.08 0.0224795
0.09 0.0225632
0.1 0.0225451
0.11 0.0224238
0.12 0.0223852
0.13 0.0223843
0.14 0.022304
0.15 0.0222756
0.16 0.0222429
0.17 0.0222046
0.18 0.0221459
0.19 0.0220757
0.2 0.0220809
0.21 0.0220764
0.22 0.0220117
0.23 0.0219664
0.24 0.0220208
0.25 0.0220128
0.26 0.021971
0.27 0.0220008
0.28 0.0220463
0.29 0.0221722
0.3 0.0222172
0.31 0.022143
0.32 0.0221449
0.33 0.0221244
0.34 0.0222066
0.35 0.0222663
0.36 0.022331
0.37 0.0223453
0.38 0.0224005
0.39 0.0225177
0.4 0.0224913
0.41 0.0224243
0.42 0.0223776
0.43 0.0225486
0.44 0.0225114
0.45 0.0226201
0.46 0.0226946
0.47 0.0220624
0.48 0.0225929
0.49 0.0265009
0.5 0.0365949
0.51 0.0265915
0.52 0.0227642
0.53 0.022364
0.54 0.0231139
0.55 0.0231368
0.56 0.023081
0.57 0.02319
0.58 0.0231971
0.59 0.0234164
0.6 0.0234513
0.61 0.0234021
0.62 0.0235052
0.63 0.0236509
0.64 0.023699
0.65 0.0238066
0.66 0.0238898
0.67 0.0239722
0.68 0.0240074
0.69 0.0240529
0.7 0.0241597
0.71 0.0241927
0.72 0.0241196
0.73 0.0240538
0.74 0.0240474
0.75 0.0240227
0.76 0.0239417
0.77 0.0238608
0.78 0.0238039
0.79 0.0238691
0.8 0.0238583
0.81 0.0237181
0.82 0.0236415
0.83 0.0235659
0.84 0.0235496
0.85 0.0235119
0.86 0.0235276
0.87 0.0234574
0.88 0.0233461
0.89 0.0233247
0.9 0.0232406
0.91 0.0231465
0.92 0.0230253
0.93 0.0230639
0.94 0.0228772
0.95 0.02288
0.96 0.0227718
0.97 0.022028
0.98 0.0225497
0.99 0.0265335
