-1 0.0289657
-0.99 0.0207474
-0.98 0.0177845
-0.97 0.0175385
-0.96 0.0174863
-0.95 0.0178237
-0.94 0.0177523
-0.93 0.0176198
-0.92 0.0177042
-0.91 0.0175244
-0.9 0.0175639
-0.89 0.0175547
-0.88 0.0174918
-0.87 0.0175755
-0.86 0.0176242
-0.85 0.0177029
-0.84 0.0177749
-0.83 0.0178388
-0.82 0.0178234
-0.81 0.0178387
-0.8 0.0180031
-0.79 0.0180617
-0.78 0.0180109
-0.77 0.0180713
-0.76 0.01808
-0.75 0.0179641
-0.74 0.0179951
-0.73 0.0179905
-0.72 0.0178401
-0.71 0.0178954
-0.7 0.0179045
-0.69 0.0178275
-0.68 0.0178787
-0.67 0.0179217
-0.66 0.0179491
-0.65 0.0180082
-0.64 0.0180649
-0.63 0.0180691
-0.62 0.0180411
-0.61 0.0180622
-0.6 0.018044
-0.59 0.0179892
-0.58 0.0179107
-0.57 0.0177401
-0.56 0.017754
-0.55 0.0177693
-0.54 0.0173213
-0.53 0.0173089
-0.52 0.0176136
-0.51 0.0202333
-0.5 0.0281605
-0.49 0.0200747
-0.48 0.0172881
-0.47 0.0172921
-0.46 0.0173943
-0.45 0.0177615
-0.44 0.0176945
-0.43 0.0176324
-0.42 0.0177929
-0.41 0.0177939
-0.4 0.0179036
-0.39 0.0179485
-0.38 0.0179554
-0.37 0.018056
-0.36 0.0181039
-0.35 0.0181675
-0.34 0.0182036
-0.33 0.0182196
-0.32 0.0181674
-0.31 0.0181982
-0.3 0.0183066
-0.29 0.0183094
-0.28 0.018244
-0.27 0.0182757
-0.26 0.0182945
-0.25 0.0181944
-0.24 0.0182977
-0.23 0.0183454
-0.22 0.0183046
-0.21 0.0183899
-0.2 0.0183808
-0.19 0.0183277
-0.18 0.0183633
-0.17 0.0183522
-0.16 0.0183368
-0.15 0.0184038
-0.14 0.0185146
-0.13 0.0185442
-0.12 0.0185115
-0.11 0.0185341
-0.1 0.0185537
-0.09 0.018564
-0.08 0.0184502
-0.07 0.0182663
-0.06 0.0183086
-0.05 0.0182365
-0.04 0.0176473
-0.03 0.0174686
-0.02 0.0176854
-0.01 0.0203486
8.88178e-16 0.028083
0.01 0.0197509
0.02 0.0169105
0.03 0.0167219
0.04 0.016687
0.05 0.0170275
0.06 0.0168589
0.07 0.0166559
0.08 0.0167352
0.09 0.0165613
0.1 0.0165934
0.11 0.0166626
0.12 0.0166936
0.13 0.0168076
0.14 0.0168683
0.15 0.0169489
0.16 0.0170787
0.17 0.0172123
0.18 0.0172472
0.19 0.0172932
0.2 0.0175161
0.21 0.0175875
0.22 0.017536
0.23 0.017626
0.24 0.0176699
0.25 0.0175863
0.26 0.0176926
0.27 0.0177778
0.28 0.0177758
0.29 0.0179216
0.3 0.0180236
0.31 0.0180292
0.32 0.0180927
0.33 0.0181319
0.34 0.0181308
0.35 0.0181659
0.36 0.0182506
0.37 0.0182916
0.38 0.0182886
0.39 0.0184147
0.4 0.0184574
0.41 0.0185168
0.42 0.018599
0.43 0.0185292
0.44 0.0186995
0.45 0.0187585
0.46 0.0182938
0.47 0.018436
0.48 0.0187535
0.49 0.0214061
0.5 0.0298231
0.51 0.0217526
0.52 0.0187791
0.53 0.0186974
0.54 0.0188061
0.55 0.0192234
0.56 0.0191673
0.57 0.0189881
0.58 0.0191287
0.59 0.0190449
0.6 0.0191035
0.61 0.0191166
0.62 0.019012
0.63 0.0190827
0.64 0.0190971
0.65 0.0191342
0.66 0.0192009
0.67 0.0192591
0.68 0.0192572
0.69 0.0193106
0.7 0.0194553
0.71 0.0194714
0.72 0.0194322
0.73 0.0195045
0.74 0.0194843
0.75 0.01932
0.76 0.0193326
0.77 0.0192383
0.78 0.0190657
0.79 0.0190631
0.8 0.0189594
0.81 0.0187838
0.82 0.0187042
0.83 0.0186371
0.84 0.0185285
0.85 0.0184785
0.86 0.0184932
0.87 0.0184558
0.88 0.018394
0.89 0.0184521
0.9 0.0184162
0.91 0.0183929
0.92 0.0183317
0.93 0.0181721
0.94 0.0183322
0.95 0.0183141
0.96 0.0176971
0.97 0.0176037
0.98 0.0179221
0.99 0.0207288
