-1 0.0500716
-0.99 0.0372722
-0.98 0.0319398
-0.97 0.0310844
-0.96 0.0319241
-0.95 0.0318829
-0.94 0.0318101
-0.93 0.0319817
-0.92 0.0319761
-0.91 0.0319661
-0.9 0.0319155
-0.89 0.0319194
-0.88 0.0319326
-0.87 0.0319473
-0.86 0.0318913
-0.85 0.0318138
-0.84 0.0317962
-0.83 0.0317606
-0.82 0.031676
-0.81 0.0316669
-0.8 0.0317811
-0.79 0.0316965
-0.78 0.0314925
-0.77 0.0314081
-0.76 0.0313827
-0.75 0.0313801
-0.74 0.0312323
-0.73 0.0312136
-0.72 0.0312681
-0.71 0.0314944
-0.7 0.031619
-0.69 0.0315556
-0.68 0.0315476
-0.67 0.0315903
-0.66 0.031654
-0.65 0.0315574
-0.64 0.0315224
-0.63 0.0315128
-0.62 0.0314367
-0.61 0.0314521
-0.6 0.0314879
-0.59 0.0315611
-0.58 0.0315241
-0.57 0.0314778
-0.56 0.0314166
-0.55 0.0315557
-0.54 0.0315148
-0.53 0.0308841
-0.52 0.0319855
-0.51 0.0375106
-0.5 0.0504145
-0.49 0.0374354
-0.48 0.0321096
-0.47 0.0312843
-0.46 0.0321311
-0.45 0.0322021
-0.44 0.0322824
-0.43 0.0325847
-0.42 0.0326401
-0.41 0.0326932
-0.4 0.0326718
-0.39 0.0326154
-0.38 0.0325208
-0.37 0.0324923
-0.36 0.0324563
-0.35 0.0324196
-0.34 0.0323704
-0.33 0.0323023
-0.32 0.0322234
-0.31 0.0321481
-0.3 0.0321925
-0.29 0.0320772
-0.28 0.0318712
-0.27 0.0317758
-0.26 0.0317437
-0.25 0.0317612
-0.24 0.0316623
-0.23 0.0315734
-0.22 0.031597
-0.21 0.0317114
-0.2 0.0317324
-0.19 0.0316302
-0.18 0.0316306
-0.17 0.0316395
-0.16 0.031664
-0.15 0.0315515
-0.14 0.0315492
-0.13 0.0316925
-0.12 0.0317114
-0.11 0.0317222
-0.1 0.031743
-0.09 0.0318562
-0.08 0.0318778
-0.07 0.0317941
-0.06 0.0316318
-0.05 0.0316902
-0.04 0.0316409
-0.03 0.0308952
-0.02 0.0317379
-0.01 0.0369241
8.88178e-16 0.049446
0.01 0.0365633
0.02 0.0313138
0.03 0.0305491
0.04 0.0313995
0.05 0.0313729
0.06 0.0312745
0.07 0.0314132
0.08 0.0314113
0.09 0.0313954
0.1 0.0313208
0.11 0.0313409
0.12 0.0313445
0.13 0.0313965
0.14 0.0314033
0.15 0.0314211
0.16 0.0314675
0.17 0.0314555
0.18 0.0314641
0.19 0.0314284
0.2 0.0315645
0.21 0.0315671
0.22 0.0314921
0.23 0.0315532
0.24 0.0316323
0.25 0.0317283
0.26 0.0316416
0.27 0.0316573
0.28 0.0317301
0.29 0.0319
0.3 0.0319605
0.31 0.0318668
0.32 0.0318456
0.33 0.0318263
0.34 0.0318649
0.35 0.0318136
0.36 0.0318432
0.37 0.0319446
0.38 0.0319676
0.39 0.0320489
0.4 0.0321623
0.41 0.0323535
0.42 0.0324155
0.43 0.032366
0.44 0.0323393
0.45 0.032554
0.46 0.0325958
0.47 0.0319687
0.48 0.0331148
0.49 0.038607
0.5 0.0513448
0.51 0.0383461
0.52 0.0330979
0.53 0.0323954
0.54 0.0332595
0.55 0.0330923
0.56 0.0328682
0.57 0.0329957
0.58 0.0330268
0.59 0.0330532
0.6 0.0330376
0.61 0.0330802
0.62 0.0330813
0.63 0.0330656
0.64 0.0330495
0.65 0.0330506
0.66 0.0330786
0.67 0.033096
0.68 0.0331153
0.69 0.0331033
0.7 0.0332057
0.71 0.0331563
0.72 0.0330506
0.73 0.0330287
0.74 0.033077
0.75 0.033187
0.76 0.0330959
0.77 0.0330069
0.78 0.0330175
0.79 0.0331712
0.8 0.0331803
0.81 0.033016
0.82 0.0329098
0.83 0.0328244
0.84 0.0327949
0.85 0.0326572
0.86 0.0325535
0.87 0.0325243
0.88 0.0324064
0.89 0.0322777
0.9 0.032151
0.91 0.0321063
0.92 0.0320273
0.93 0.0319117
0.94 0.0317642
0.95 0.0318202
0.96 0.031673
0.97 0.0308845
0.98 0.0318369
0.99 0.0372223
