-1 0.0109071
-0.99 0.00692953
-0.98 0.00602163
-0.97 0.00623733
-0.96 0.00620592
-0.95 0.00583427
-0.94 0.00594936
-0.93 0.00608695
-0.92 0.00581783
-0.91 0.00588489
-0.9 0.005992
-0.89 0.00592266
-0.88 0.00595627
-0.87 0.00600277
-0.86 0.00597607
-0.85 0.00601371
-0.84 0.00601188
-0.83 0.00600688
-0.82 0.00601578
-0.81 0.00602924
-0.8 0.00607317
-0.79 0.00606747
-0.78 0.00604959
-0.77 0.00606019
-0.76 0.00605257
-0.75 0.0060513
-0.74 0.0060868
-0.73 0.006103
-0.72 0.00615673
-0.71 0.00619116
-0.7 0.00622531
-0.69 0.00626151
-0.68 0.00631118
-0.67 0.00638457
-0.66 0.00650551
-0.65 0.00660022
-0.64 0.00667359
-0.63 0.00672362
-0.62 0.00678804
-0.61 0.00687678
-0.6 0.00689169
-0.59 0.00684638
-0.58 0.00687829
-0.57 0.00701292
-0.56 0.00674109
-0.55 0.00669228
-0.54 0.00693956
-0.53 0.00676767
-0.52 0.00681278
-0.51 0.00790954
-0.5 0.0116747
-0.49 0.00762745
-0.48 0.00668164
-0.47 0.00686174
-0.46 0.00688857
-0.45 0.00655793
-0.44 0.00664482
-0.43 0.00687727
-0.42 0.00673509
-0.41 0.00684942
-0.4 0.00692363
-0.39 0.00679811
-0.38 0.00678053
-0.37 0.00680582
-0.36 0.0067815
-0.35 0.00678138
-0.34 0.00674516
-0.33 0.00673076
-0.32 0.00672561
-0.31 0.00674217
-0.3 0.00679434
-0.29 0.00676875
-0.28 0.00674253
-0.27 0.00670788
-0.26 0.00669187
-0.25 0.00670459
-0.24 0.00674629
-0.23 0.00673
-0.22 0.00673082
-0.21 0.00675182
-0.2 0.00673816
-0.19 0.00669446
-0.18 0.00669287
-0.17 0.00670423
-0.16 0.00670598
-0.15 0.00671928
-0.14 0.00673769
-0.13 0.0066723
-0.12 0.00663893
-0.11 0.00671248
-0.1 0.00671412
-0.09 0.00657987
-0.08 0.00654385
-0.07 0.00672943
-0.06 0.00657802
-0.05 0.00662641
-0.04 0.00685669
-0.03 0.00667158
-0.02 0.00678592
-0.01 0.00805005
8.88178e-16 0.0117672
0.01 0.00738228
0.02 0.00651344
0.03 0.00692906
0.04 0.00697417
0.05 0.00654241
0.06 0.00665934
0.07 0.00682596
0.08 0.00654364
0.09 0.00658046
0.1 0.00666527
0.11 0.00653522
0.12 0.00651739
0.13 0.00654642
0.14 0.00649483
0.15 0.00651369
0.16 0.00650979
0.17 0.00649774
0.18 0.00650633
0.19 0.00652602
0.2 0.00656349
0.21 0.00655162
0.22 0.00652964
0.23 0.00652194
0.24 0.00648052
0.25 0.00645671
0.26 0.00644949
0.27 0.00645055
0.28 0.00647168
0.29 0.00648182
0.3 0.00646965
0.31 0.00641936
0.32 0.00639386
0.33 0.0063946
0.34 0.00639983
0.35 0.00641961
0.36 0.0064594
0.37 0.00643347
0.38 0.0064124
0.39 0.0064538
0.4 0.00638882
0.41 0.00624557
0.42 0.00624999
0.43 0.0064202
0.44 0.00612089
0.45 0.00607697
0.46 0.00639981
0.47 0.00631065
0.48 0.00628289
0.49 0.00729983
0.5 0.0110128
0.51 0.00700829
0.52 0.00614642
0.53 0.00642039
0.54 0.00638689
0.55 0.00601375
0.56 0.00615227
0.57 0.00636052
0.58 0.00611891
0.59 0.0062039
0.6 0.0063053
0.61 0.00619436
0.62 0.00619994
0.63 0.00626175
0.64 0.00623445
0.65 0.00626184
0.66 0.0063085
0.67 0.00635927
0.68 0.00634688
0.69 0.00635089
0.7 0.00642037
0.71 0.00641954
0.72 0.00639981
0.73 0.00641368
0.74 0.00640345
0.75 0.00636641
0.76 0.00636671
0.77 0.00631769
0.78 0.00633782
0.79 0.00636933
0.8 0.00637463
0.81 0.00633545
0.82 0.00632299
0.83 0.00632041
0.84 0.00630463
0.85 0.00629902
0.86 0.00632488
0.87 0.00631464
0.88 0.00629945
0.89 0.00632922
0.9 0.00626425
0.91 0.00611214
0.92 0.00610578
0.93 0.00629031
0.94 0.00603571
0.95 0.00594228
0.96 0.00615084
0.97 0.00596487
0.98 0.00591967
0.99 0.00702755
