-1 0.0402755
-0.99 0.0291585
-0.98 0.0250897
-0.97 0.0247995
-0.96 0.0253888
-0.95 0.0252141
-0.94 0.0252589
-0.93 0.0253633
-0.92 0.0252892
-0.91 0.0254376
-0.9 0.0254876
-0.89 0.0255
-0.88 0.0255456
-0.87 0.0255443
-0.86 0.0254795
-0.85 0.0254603
-0.84 0.0255056
-0.83 0.0254502
-0.82 0.0253961
-0.81 0.0254159
-0.8 0.02552
-0.79 0.0254688
-0.78 0.0253799
-0.77 0.0253252
-0.76 0.0253351
-0.75 0.0253374
-0.74 0.0252569
-0.73 0.0251907
-0.72 0.0251646
-0.71 0.0252163
-0.7 0.0251875
-0.69 0.0251265
-0.68 0.0251373
-0.67 0.025193
-0.66 0.0251884
-0.65 0.0251276
-0.64 0.0251701
-0.63 0.0251887
-0.62 0.0251819
-0.61 0.0252112
-0.6 0.0252327
-0.59 0.0253265
-0.58 0.0253421
-0.57 0.0253742
-0.56 0.0252994
-0.55 0.0253504
-0.54 0.0255493
-0.53 0.0248981
-0.52 0.0252401
-0.51 0.029559
-0.5 0.0404063
-0.49 0.0293297
-0.48 0.025289
-0.47 0.0251291
-0.46 0.0257464
-0.45 0.025647
-0.44 0.0257817
-0.43 0.0259595
-0.42 0.0258982
-0.41 0.0260811
-0.4 0.0260754
-0.39 0.0259717
-0.38 0.025886
-0.37 0.0257563
-0.36 0.0255665
-0.35 0.0254812
-0.34 0.025437
-0.33 0.0253559
-0.32 0.0252589
-0.31 0.0252403
-0.3 0.0252598
-0.29 0.0251511
-0.28 0.0250354
-0.27 0.0249842
-0.26 0.0250198
-0.25 0.0250669
-0.24 0.0249969
-0.23 0.0249085
-0.22 0.0248516
-0.21 0.0249311
-0.2 0.0249002
-0.19 0.0247851
-0.18 0.0248263
-0.17 0.0249141
-0.16 0.024948
-0.15 0.0249119
-0.14 0.0249409
-0.13 0.0250383
-0.12 0.0251164
-0.11 0.0251997
-0.1 0.02518
-0.09 0.0252688
-0.08 0.0253525
-0.07 0.0253806
-0.06 0.0253793
-0.05 0.0255135
-0.04 0.0255936
-0.03 0.02499
-0.02 0.0254274
-0.01 0.0296854
8.88178e-16 0.0400965
0.01 0.028995
0.02 0.0250334
0.03 0.0248618
0.04 0.0254952
0.05 0.0254251
0.06 0.0255374
0.07 0.0256268
0.08 0.0254507
0.09 0.0254783
0.1 0.0254848
0.11 0.0254848
0.12 0.0255464
0.13 0.0256061
0.14 0.0254904
0.15 0.0253882
0.16 0.0253389
0.17 0.0252181
0.18 0.0251467
0.19 0.0251484
0.2 0.0252283
0.21 0.0252023
0.22 0.0251659
0.23 0.0251758
0.24 0.0252399
0.25 0.0252936
0.26 0.0252752
0.27 0.0252687
0.28 0.0252721
0.29 0.0253672
0.3 0.0253802
0.31 0.0253331
0.32 0.0253215
0.33 0.0253506
0.34 0.0253542
0.35 0.0253822
0.36 0.025465
0.37 0.025568
0.38 0.02565
0.39 0.0258044
0.4 0.0258405
0.41 0.0259586
0.42 0.026045
0.43 0.0260361
0.44 0.0259613
0.45 0.0260246
0.46 0.0260736
0.47 0.0254217
0.48 0.0260124
0.49 0.0304884
0.5 0.0411574
0.51 0.0299179
0.52 0.0260035
0.53 0.0260199
0.54 0.0268191
0.55 0.0267282
0.56 0.026821
0.57 0.0269589
0.58 0.0268946
0.59 0.0270498
0.6 0.0271762
0.61 0.0272897
0.62 0.0273891
0.63 0.0274592
0.64 0.0274225
0.65 0.0274501
0.66 0.0275103
0.67 0.0274902
0.68 0.0273959
0.69 0.0273518
0.7 0.0274088
0.71 0.027405
0.72 0.0274057
0.73 0.0274195
0.74 0.0274949
0.75 0.0275817
0.76 0.0274985
0.77 0.0274266
0.78 0.0273744
0.79 0.0274038
0.8 0.0273507
0.81 0.0272258
0.82 0.0271822
0.83 0.0271687
0.84 0.0271054
0.85 0.0269694
0.86 0.0269187
0.87 0.0268685
0.88 0.0268152
0.89 0.0268025
0.9 0.0267292
0.91 0.0267254
0.92 0.0266502
0.93 0.0265493
0.94 0.0263976
0.95 0.026291
0.96 0.0260878
0.97 0.0252506
0.98 0.0256053
0.99 0.029807
